1	 1	 -1
369	 1	 1
1	 2	 -1
3	 2	 1
1	 3	 -1
2	 3	 1
2	 4	 -1
397	 4	 1
2	 5	 -1
3	 5	 1
3	 6	 -1
368	 6	 1
3	 7	 -1
338	 7	 1
4	 8	 -1
6	 8	 1
4	 9	 -1
425	 9	 1
4	 10	 -1
397	 10	 1
4	 11	 -1
5	 11	 1
5	 12	 -1
7	 12	 1
5	 13	 -1
368	 13	 1
6	 14	 -1
8	 14	 1
6	 15	 -1
424	 15	 1
6	 16	 -1
7	 16	 1
7	 17	 -1
9	 17	 1
7	 18	 -1
367	 18	 1
8	 19	 -1
10	 19	 1
8	 20	 -1
9	 20	 1
9	 21	 -1
396	 21	 1
9	 22	 -1
11	 22	 1
9	 23	 -1
366	 23	 1
10	 24	 -1
12	 24	 1
10	 25	 -1
453	 25	 1
10	 26	 -1
424	 26	 1
10	 27	 -1
11	 27	 1
11	 28	 -1
13	 28	 1
12	 29	 -1
1272	 29	 1
12	 30	 -1
452	 30	 1
12	 31	 -1
13	 31	 1
13	 32	 -1
1270	 32	 1
13	 33	 -1
396	 33	 1
14	 34	 -1
1278	 34	 1
14	 35	 -1
478	 35	 1
14	 36	 -1
452	 36	 1
14	 37	 -1
1272	 37	 1
14	 38	 -1
15	 38	 1
15	 39	 -1
1276	 39	 1
15	 40	 -1
1270	 40	 1
16	 41	 -1
18	 41	 1
16	 42	 -1
41	 42	 1
16	 43	 -1
1247	 43	 1
16	 44	 -1
17	 44	 1
17	 45	 -1
19	 45	 1
17	 46	 -1
1248	 46	 1
17	 47	 -1
451	 47	 1
18	 48	 -1
20	 48	 1
18	 49	 -1
19	 49	 1
19	 50	 -1
476	 50	 1
19	 51	 -1
21	 51	 1
19	 52	 -1
450	 52	 1
20	 53	 -1
22	 53	 1
20	 54	 -1
45	 54	 1
20	 55	 -1
41	 55	 1
20	 56	 -1
21	 56	 1
21	 57	 -1
23	 57	 1
22	 58	 -1
24	 58	 1
22	 59	 -1
521	 59	 1
22	 60	 -1
23	 60	 1
23	 61	 -1
25	 61	 1
23	 62	 -1
476	 62	 1
24	 63	 -1
27	 63	 1
24	 64	 -1
25	 64	 1
25	 65	 -1
497	 65	 1
25	 66	 -1
28	 66	 1
25	 67	 -1
475	 67	 1
26	 68	 -1
520	 68	 1
26	 69	 -1
27	 69	 1
26	 70	 -1
28	 70	 1
27	 71	 -1
544	 71	 1
27	 72	 -1
521	 72	 1
27	 73	 -1
28	 73	 1
29	 74	 -1
334	 74	 1
29	 75	 -1
31	 75	 1
29	 76	 -1
30	 76	 1
30	 77	 -1
31	 77	 1
30	 78	 -1
32	 78	 1
30	 79	 -1
396	 79	 1
30	 80	 -1
366	 80	 1
31	 81	 -1
33	 81	 1
32	 82	 -1
34	 82	 1
32	 83	 -1
33	 83	 1
33	 84	 -1
365	 84	 1
33	 85	 -1
35	 85	 1
33	 86	 -1
333	 86	 1
34	 87	 -1
1270	 87	 1
34	 88	 -1
396	 88	 1
34	 89	 -1
35	 89	 1
35	 90	 -1
395	 90	 1
35	 91	 -1
1271	 91	 1
36	 92	 -1
1276	 92	 1
36	 93	 -1
1270	 93	 1
36	 94	 -1
37	 94	 1
37	 95	 -1
423	 95	 1
37	 96	 -1
1277	 96	 1
37	 97	 -1
1271	 97	 1
37	 98	 -1
395	 98	 1
38	 99	 -1
39	 99	 1
38	 100	 -1
40	 100	 1
38	 101	 -1
522	 101	 1
38	 102	 -1
498	 102	 1
38	 103	 -1
1246	 103	 1
39	 104	 -1
41	 104	 1
39	 105	 -1
1247	 105	 1
40	 106	 -1
42	 106	 1
40	 107	 -1
41	 107	 1
41	 108	 -1
43	 108	 1
42	 109	 -1
43	 109	 1
42	 110	 -1
44	 110	 1
42	 111	 -1
546	 111	 1
42	 112	 -1
522	 112	 1
43	 113	 -1
45	 113	 1
44	 114	 -1
47	 114	 1
44	 115	 -1
45	 115	 1
45	 116	 -1
521	 116	 1
45	 117	 -1
48	 117	 1
46	 118	 -1
545	 118	 1
46	 119	 -1
47	 119	 1
46	 120	 -1
48	 120	 1
47	 121	 -1
571	 121	 1
47	 122	 -1
546	 122	 1
47	 123	 -1
48	 123	 1
49	 124	 -1
463	 124	 1
49	 125	 -1
51	 125	 1
49	 126	 -1
50	 126	 1
50	 127	 -1
51	 127	 1
50	 128	 -1
52	 128	 1
51	 129	 -1
462	 129	 1
51	 130	 -1
53	 130	 1
51	 131	 -1
433	 131	 1
52	 132	 -1
54	 132	 1
52	 133	 -1
509	 133	 1
52	 134	 -1
488	 134	 1
52	 135	 -1
53	 135	 1
53	 136	 -1
55	 136	 1
54	 137	 -1
56	 137	 1
54	 138	 -1
508	 138	 1
54	 139	 -1
55	 139	 1
55	 140	 -1
57	 140	 1
55	 141	 -1
462	 141	 1
56	 142	 -1
58	 142	 1
56	 143	 -1
57	 143	 1
57	 144	 -1
487	 144	 1
57	 145	 -1
59	 145	 1
57	 146	 -1
461	 146	 1
58	 147	 -1
60	 147	 1
58	 148	 -1
531	 148	 1
58	 149	 -1
508	 149	 1
58	 150	 -1
59	 150	 1
59	 151	 -1
61	 151	 1
60	 152	 -1
62	 152	 1
60	 153	 -1
61	 153	 1
61	 154	 -1
507	 154	 1
61	 155	 -1
63	 155	 1
61	 156	 -1
487	 156	 1
62	 157	 -1
63	 157	 1
62	 158	 -1
64	 158	 1
62	 159	 -1
555	 159	 1
62	 160	 -1
531	 160	 1
63	 161	 -1
65	 161	 1
64	 162	 -1
66	 162	 1
64	 163	 -1
554	 163	 1
64	 164	 -1
65	 164	 1
65	 165	 -1
67	 165	 1
65	 166	 -1
507	 166	 1
66	 167	 -1
68	 167	 1
66	 168	 -1
67	 168	 1
67	 169	 -1
530	 169	 1
67	 170	 -1
69	 170	 1
67	 171	 -1
506	 171	 1
68	 172	 -1
69	 172	 1
68	 173	 -1
70	 173	 1
68	 174	 -1
579	 174	 1
68	 175	 -1
554	 175	 1
69	 176	 -1
71	 176	 1
70	 177	 -1
72	 177	 1
70	 178	 -1
578	 178	 1
70	 179	 -1
71	 179	 1
71	 180	 -1
73	 180	 1
71	 181	 -1
530	 181	 1
72	 182	 -1
74	 182	 1
72	 183	 -1
73	 183	 1
73	 184	 -1
553	 184	 1
73	 185	 -1
75	 185	 1
73	 186	 -1
529	 186	 1
74	 187	 -1
76	 187	 1
74	 188	 -1
602	 188	 1
74	 189	 -1
578	 189	 1
74	 190	 -1
75	 190	 1
75	 191	 -1
77	 191	 1
76	 192	 -1
78	 192	 1
76	 193	 -1
601	 193	 1
76	 194	 -1
77	 194	 1
77	 195	 -1
79	 195	 1
77	 196	 -1
553	 196	 1
78	 197	 -1
80	 197	 1
78	 198	 -1
79	 198	 1
79	 199	 -1
577	 199	 1
79	 200	 -1
81	 200	 1
79	 201	 -1
552	 201	 1
80	 202	 -1
82	 202	 1
80	 203	 -1
628	 203	 1
80	 204	 -1
601	 204	 1
80	 205	 -1
81	 205	 1
81	 206	 -1
83	 206	 1
82	 207	 -1
84	 207	 1
82	 208	 -1
627	 208	 1
82	 209	 -1
83	 209	 1
83	 210	 -1
85	 210	 1
83	 211	 -1
577	 211	 1
84	 212	 -1
86	 212	 1
84	 213	 -1
85	 213	 1
85	 214	 -1
600	 214	 1
85	 215	 -1
87	 215	 1
85	 216	 -1
576	 216	 1
86	 217	 -1
88	 217	 1
86	 218	 -1
650	 218	 1
86	 219	 -1
627	 219	 1
86	 220	 -1
87	 220	 1
87	 221	 -1
89	 221	 1
88	 222	 -1
90	 222	 1
88	 223	 -1
89	 223	 1
89	 224	 -1
626	 224	 1
89	 225	 -1
91	 225	 1
89	 226	 -1
600	 226	 1
90	 227	 -1
91	 227	 1
90	 228	 -1
92	 228	 1
90	 229	 -1
675	 229	 1
90	 230	 -1
650	 230	 1
91	 231	 -1
93	 231	 1
92	 232	 -1
94	 232	 1
92	 233	 -1
674	 233	 1
92	 234	 -1
93	 234	 1
93	 235	 -1
95	 235	 1
93	 236	 -1
626	 236	 1
94	 237	 -1
96	 237	 1
94	 238	 -1
95	 238	 1
95	 239	 -1
649	 239	 1
95	 240	 -1
97	 240	 1
95	 241	 -1
625	 241	 1
96	 242	 -1
97	 242	 1
96	 243	 -1
98	 243	 1
96	 244	 -1
699	 244	 1
96	 245	 -1
674	 245	 1
97	 246	 -1
99	 246	 1
98	 247	 -1
100	 247	 1
98	 248	 -1
698	 248	 1
98	 249	 -1
99	 249	 1
99	 250	 -1
101	 250	 1
99	 251	 -1
649	 251	 1
100	 252	 -1
102	 252	 1
100	 253	 -1
101	 253	 1
101	 254	 -1
673	 254	 1
101	 255	 -1
103	 255	 1
101	 256	 -1
648	 256	 1
102	 257	 -1
104	 257	 1
102	 258	 -1
729	 258	 1
102	 259	 -1
698	 259	 1
102	 260	 -1
103	 260	 1
103	 261	 -1
105	 261	 1
104	 262	 -1
107	 262	 1
104	 263	 -1
728	 263	 1
104	 264	 -1
105	 264	 1
105	 265	 -1
108	 265	 1
105	 266	 -1
673	 266	 1
106	 267	 -1
727	 267	 1
106	 268	 -1
107	 268	 1
106	 269	 -1
108	 269	 1
107	 270	 -1
108	 270	 1
108	 271	 -1
697	 271	 1
108	 272	 -1
672	 272	 1
109	 273	 -1
471	 273	 1
109	 274	 -1
111	 274	 1
109	 275	 -1
110	 275	 1
110	 276	 -1
111	 276	 1
110	 277	 -1
112	 277	 1
111	 278	 -1
470	 278	 1
111	 279	 -1
113	 279	 1
111	 280	 -1
443	 280	 1
112	 281	 -1
113	 281	 1
112	 282	 -1
114	 282	 1
112	 283	 -1
516	 283	 1
112	 284	 -1
494	 284	 1
113	 285	 -1
115	 285	 1
114	 286	 -1
1281	 286	 1
114	 287	 -1
515	 287	 1
114	 288	 -1
115	 288	 1
115	 289	 -1
1279	 289	 1
115	 290	 -1
470	 290	 1
116	 291	 -1
118	 291	 1
116	 292	 -1
538	 292	 1
116	 293	 -1
1251	 293	 1
116	 294	 -1
117	 294	 1
117	 295	 -1
119	 295	 1
117	 296	 -1
1252	 296	 1
117	 297	 -1
307	 297	 1
118	 298	 -1
120	 298	 1
118	 299	 -1
119	 299	 1
119	 300	 -1
514	 300	 1
119	 301	 -1
121	 301	 1
119	 302	 -1
493	 302	 1
120	 303	 -1
122	 303	 1
120	 304	 -1
561	 304	 1
120	 305	 -1
538	 305	 1
120	 306	 -1
121	 306	 1
121	 307	 -1
123	 307	 1
122	 308	 -1
124	 308	 1
122	 309	 -1
123	 309	 1
123	 310	 -1
537	 310	 1
123	 311	 -1
125	 311	 1
123	 312	 -1
514	 312	 1
124	 313	 -1
125	 313	 1
124	 314	 -1
126	 314	 1
124	 315	 -1
586	 315	 1
124	 316	 -1
561	 316	 1
125	 317	 -1
127	 317	 1
126	 318	 -1
128	 318	 1
126	 319	 -1
585	 319	 1
126	 320	 -1
127	 320	 1
127	 321	 -1
129	 321	 1
127	 322	 -1
537	 322	 1
128	 323	 -1
130	 323	 1
128	 324	 -1
129	 324	 1
129	 325	 -1
560	 325	 1
129	 326	 -1
131	 326	 1
129	 327	 -1
536	 327	 1
130	 328	 -1
132	 328	 1
130	 329	 -1
610	 329	 1
130	 330	 -1
585	 330	 1
130	 331	 -1
131	 331	 1
131	 332	 -1
133	 332	 1
132	 333	 -1
134	 333	 1
132	 334	 -1
609	 334	 1
132	 335	 -1
133	 335	 1
133	 336	 -1
135	 336	 1
133	 337	 -1
560	 337	 1
134	 338	 -1
136	 338	 1
134	 339	 -1
135	 339	 1
135	 340	 -1
584	 340	 1
135	 341	 -1
137	 341	 1
135	 342	 -1
559	 342	 1
136	 343	 -1
138	 343	 1
136	 344	 -1
635	 344	 1
136	 345	 -1
609	 345	 1
136	 346	 -1
137	 346	 1
137	 347	 -1
139	 347	 1
138	 348	 -1
140	 348	 1
138	 349	 -1
139	 349	 1
139	 350	 -1
608	 350	 1
139	 351	 -1
141	 351	 1
139	 352	 -1
584	 352	 1
140	 353	 -1
141	 353	 1
140	 354	 -1
142	 354	 1
140	 355	 -1
658	 355	 1
140	 356	 -1
635	 356	 1
141	 357	 -1
143	 357	 1
142	 358	 -1
144	 358	 1
142	 359	 -1
657	 359	 1
142	 360	 -1
143	 360	 1
143	 361	 -1
145	 361	 1
143	 362	 -1
608	 362	 1
144	 363	 -1
146	 363	 1
144	 364	 -1
145	 364	 1
145	 365	 -1
634	 365	 1
145	 366	 -1
147	 366	 1
145	 367	 -1
607	 367	 1
146	 368	 -1
148	 368	 1
146	 369	 -1
684	 369	 1
146	 370	 -1
657	 370	 1
146	 371	 -1
147	 371	 1
147	 372	 -1
149	 372	 1
148	 373	 -1
150	 373	 1
148	 374	 -1
683	 374	 1
148	 375	 -1
149	 375	 1
149	 376	 -1
151	 376	 1
149	 377	 -1
634	 377	 1
150	 378	 -1
153	 378	 1
150	 379	 -1
151	 379	 1
151	 380	 -1
656	 380	 1
151	 381	 -1
154	 381	 1
151	 382	 -1
633	 382	 1
152	 383	 -1
682	 383	 1
152	 384	 -1
153	 384	 1
152	 385	 -1
154	 385	 1
153	 386	 -1
709	 386	 1
153	 387	 -1
683	 387	 1
153	 388	 -1
154	 388	 1
155	 389	 -1
935	 389	 1
155	 390	 -1
157	 390	 1
155	 391	 -1
156	 391	 1
156	 392	 -1
1262	 392	 1
156	 393	 -1
961	 393	 1
156	 394	 -1
157	 394	 1
157	 395	 -1
1265	 395	 1
157	 396	 -1
258	 396	 1
158	 397	 -1
1289	 397	 1
158	 398	 -1
1263	 398	 1
158	 399	 -1
159	 399	 1
159	 400	 -1
934	 400	 1
159	 401	 -1
1290	 401	 1
159	 402	 -1
1264	 402	 1
159	 403	 -1
905	 403	 1
160	 404	 -1
162	 404	 1
160	 405	 -1
267	 405	 1
160	 406	 -1
1289	 406	 1
160	 407	 -1
161	 407	 1
161	 408	 -1
163	 408	 1
161	 409	 -1
1290	 409	 1
161	 410	 -1
934	 410	 1
162	 411	 -1
164	 411	 1
162	 412	 -1
983	 412	 1
162	 413	 -1
163	 413	 1
163	 414	 -1
165	 414	 1
163	 415	 -1
933	 415	 1
164	 416	 -1
166	 416	 1
164	 417	 -1
165	 417	 1
165	 418	 -1
960	 418	 1
165	 419	 -1
167	 419	 1
165	 420	 -1
932	 420	 1
166	 421	 -1
167	 421	 1
166	 422	 -1
168	 422	 1
166	 423	 -1
1006	 423	 1
166	 424	 -1
983	 424	 1
167	 425	 -1
169	 425	 1
168	 426	 -1
170	 426	 1
168	 427	 -1
1005	 427	 1
168	 428	 -1
169	 428	 1
169	 429	 -1
171	 429	 1
169	 430	 -1
960	 430	 1
170	 431	 -1
172	 431	 1
170	 432	 -1
1004	 432	 1
170	 433	 -1
171	 433	 1
171	 434	 -1
173	 434	 1
171	 435	 -1
959	 435	 1
172	 436	 -1
1003	 436	 1
172	 437	 -1
173	 437	 1
173	 438	 -1
982	 438	 1
173	 439	 -1
958	 439	 1
174	 440	 -1
176	 440	 1
174	 441	 -1
1026	 441	 1
174	 442	 -1
1003	 442	 1
174	 443	 -1
175	 443	 1
175	 444	 -1
177	 444	 1
175	 445	 -1
982	 445	 1
176	 446	 -1
178	 446	 1
176	 447	 -1
1025	 447	 1
176	 448	 -1
177	 448	 1
177	 449	 -1
179	 449	 1
177	 450	 -1
981	 450	 1
178	 451	 -1
180	 451	 1
178	 452	 -1
1024	 452	 1
178	 453	 -1
179	 453	 1
179	 454	 -1
181	 454	 1
179	 455	 -1
980	 455	 1
180	 456	 -1
182	 456	 1
180	 457	 -1
181	 457	 1
181	 458	 -1
1002	 458	 1
181	 459	 -1
183	 459	 1
181	 460	 -1
979	 460	 1
182	 461	 -1
184	 461	 1
182	 462	 -1
1047	 462	 1
182	 463	 -1
1024	 463	 1
182	 464	 -1
183	 464	 1
183	 465	 -1
185	 465	 1
184	 466	 -1
186	 466	 1
184	 467	 -1
1046	 467	 1
184	 468	 -1
185	 468	 1
185	 469	 -1
187	 469	 1
185	 470	 -1
1002	 470	 1
186	 471	 -1
188	 471	 1
186	 472	 -1
1045	 472	 1
186	 473	 -1
187	 473	 1
187	 474	 -1
189	 474	 1
187	 475	 -1
1001	 475	 1
188	 476	 -1
190	 476	 1
188	 477	 -1
189	 477	 1
189	 478	 -1
1023	 478	 1
189	 479	 -1
191	 479	 1
189	 480	 -1
1000	 480	 1
190	 481	 -1
191	 481	 1
190	 482	 -1
192	 482	 1
190	 483	 -1
1070	 483	 1
190	 484	 -1
1045	 484	 1
191	 485	 -1
193	 485	 1
192	 486	 -1
194	 486	 1
192	 487	 -1
1069	 487	 1
192	 488	 -1
193	 488	 1
193	 489	 -1
195	 489	 1
193	 490	 -1
1023	 490	 1
194	 491	 -1
1258	 491	 1
194	 492	 -1
1068	 492	 1
194	 493	 -1
195	 493	 1
195	 494	 -1
1261	 494	 1
195	 495	 -1
226	 495	 1
196	 496	 -1
198	 496	 1
196	 497	 -1
1096	 497	 1
196	 498	 -1
1295	 498	 1
196	 499	 -1
197	 499	 1
197	 500	 -1
199	 500	 1
197	 501	 -1
1296	 501	 1
197	 502	 -1
1043	 502	 1
198	 503	 -1
1293	 503	 1
198	 504	 -1
1095	 504	 1
198	 505	 -1
199	 505	 1
199	 506	 -1
1291	 506	 1
199	 507	 -1
209	 507	 1
200	 508	 -1
947	 508	 1
200	 509	 -1
202	 509	 1
200	 510	 -1
201	 510	 1
201	 511	 -1
202	 511	 1
201	 512	 -1
203	 512	 1
201	 513	 -1
974	 513	 1
202	 514	 -1
973	 514	 1
202	 515	 -1
204	 515	 1
203	 516	 -1
204	 516	 1
203	 517	 -1
205	 517	 1
203	 518	 -1
1021	 518	 1
203	 519	 -1
997	 519	 1
204	 520	 -1
206	 520	 1
205	 521	 -1
207	 521	 1
205	 522	 -1
206	 522	 1
206	 523	 -1
996	 523	 1
206	 524	 -1
208	 524	 1
206	 525	 -1
973	 525	 1
207	 526	 -1
209	 526	 1
207	 527	 -1
1021	 527	 1
207	 528	 -1
208	 528	 1
208	 529	 -1
1020	 529	 1
208	 530	 -1
210	 530	 1
209	 531	 -1
210	 531	 1
209	 532	 -1
1043	 532	 1
210	 533	 -1
1042	 533	 1
211	 534	 -1
831	 534	 1
211	 535	 -1
213	 535	 1
211	 536	 -1
212	 536	 1
212	 537	 -1
213	 537	 1
212	 538	 -1
214	 538	 1
212	 539	 -1
862	 539	 1
213	 540	 -1
861	 540	 1
213	 541	 -1
215	 541	 1
214	 542	 -1
215	 542	 1
214	 543	 -1
922	 543	 1
214	 544	 -1
893	 544	 1
215	 545	 -1
892	 545	 1
216	 546	 -1
218	 546	 1
216	 547	 -1
922	 547	 1
216	 548	 -1
217	 548	 1
217	 549	 -1
921	 549	 1
217	 550	 -1
219	 550	 1
217	 551	 -1
892	 551	 1
218	 552	 -1
219	 552	 1
218	 553	 -1
220	 553	 1
218	 554	 -1
951	 554	 1
219	 555	 -1
950	 555	 1
219	 556	 -1
221	 556	 1
220	 557	 -1
221	 557	 1
220	 558	 -1
222	 558	 1
220	 559	 -1
999	 559	 1
220	 560	 -1
976	 560	 1
221	 561	 -1
223	 561	 1
222	 562	 -1
224	 562	 1
222	 563	 -1
223	 563	 1
223	 564	 -1
975	 564	 1
223	 565	 -1
225	 565	 1
223	 566	 -1
950	 566	 1
224	 567	 -1
225	 567	 1
224	 568	 -1
226	 568	 1
224	 569	 -1
999	 569	 1
225	 570	 -1
998	 570	 1
225	 571	 -1
227	 571	 1
226	 572	 -1
227	 572	 1
226	 573	 -1
228	 573	 1
226	 574	 -1
1023	 574	 1
227	 575	 -1
229	 575	 1
228	 576	 -1
1261	 576	 1
228	 577	 -1
229	 577	 1
229	 578	 -1
1022	 578	 1
229	 579	 -1
1260	 579	 1
229	 580	 -1
998	 580	 1
230	 581	 -1
231	 581	 1
230	 582	 -1
1294	 582	 1
230	 583	 -1
1097	 583	 1
230	 584	 -1
1068	 584	 1
230	 585	 -1
1258	 585	 1
231	 586	 -1
1295	 586	 1
231	 587	 -1
1259	 587	 1
232	 588	 -1
1127	 588	 1
232	 589	 -1
233	 589	 1
232	 590	 -1
234	 590	 1
233	 591	 -1
234	 591	 1
233	 592	 -1
1097	 592	 1
233	 593	 -1
1294	 593	 1
234	 594	 -1
1096	 594	 1
234	 595	 -1
1295	 595	 1
235	 596	 -1
618	 596	 1
235	 597	 -1
237	 597	 1
235	 598	 -1
236	 598	 1
236	 599	 -1
237	 599	 1
236	 600	 -1
1284	 600	 1
236	 601	 -1
669	 601	 1
236	 602	 1
237	 603	 -1
1282	 603	 1
238	 604	 -1
240	 604	 1
238	 605	 -1
1286	 605	 1
238	 606	 -1
239	 606	 1
239	 607	 -1
695	 607	 1
239	 608	 -1
241	 608	 1
239	 609	 -1
1287	 609	 1
239	 610	 -1
668	 610	 1
240	 611	 -1
241	 611	 1
240	 612	 -1
242	 612	 1
240	 613	 -1
723	 613	 1
241	 614	 -1
722	 614	 1
241	 615	 -1
243	 615	 1
242	 616	 -1
243	 616	 1
242	 617	 -1
244	 617	 1
242	 618	 -1
784	 618	 1
242	 619	 -1
754	 619	 1
243	 620	 -1
245	 620	 1
244	 621	 -1
246	 621	 1
244	 622	 -1
245	 622	 1
245	 623	 -1
753	 623	 1
245	 624	 -1
247	 624	 1
245	 625	 -1
722	 625	 1
246	 626	 -1
248	 626	 1
246	 627	 -1
815	 627	 1
246	 628	 -1
784	 628	 1
246	 629	 -1
247	 629	 1
247	 630	 -1
249	 630	 1
248	 631	 -1
250	 631	 1
248	 632	 -1
249	 632	 1
249	 633	 -1
783	 633	 1
249	 634	 -1
251	 634	 1
249	 635	 -1
753	 635	 1
250	 636	 -1
252	 636	 1
250	 637	 -1
815	 637	 1
250	 638	 -1
251	 638	 1
251	 639	 -1
814	 639	 1
251	 640	 -1
253	 640	 1
252	 641	 -1
253	 641	 1
252	 642	 -1
254	 642	 1
252	 643	 -1
876	 643	 1
252	 644	 -1
846	 644	 1
253	 645	 -1
255	 645	 1
254	 646	 -1
256	 646	 1
254	 647	 -1
255	 647	 1
255	 648	 -1
845	 648	 1
255	 649	 -1
257	 649	 1
255	 650	 -1
814	 650	 1
256	 651	 -1
258	 651	 1
256	 652	 -1
876	 652	 1
256	 653	 -1
257	 653	 1
257	 654	 -1
875	 654	 1
257	 655	 -1
259	 655	 1
258	 656	 -1
259	 656	 1
258	 657	 -1
260	 657	 1
258	 658	 -1
906	 658	 1
259	 659	 -1
261	 659	 1
260	 660	 -1
1265	 660	 1
260	 661	 -1
261	 661	 1
261	 662	 -1
905	 662	 1
261	 663	 -1
1264	 663	 1
261	 664	 -1
875	 664	 1
262	 665	 -1
263	 665	 1
262	 666	 -1
1288	 666	 1
262	 667	 -1
984	 667	 1
262	 668	 -1
961	 668	 1
262	 669	 -1
1262	 669	 1
263	 670	 -1
1289	 670	 1
263	 671	 -1
1263	 671	 1
264	 672	 -1
266	 672	 1
264	 673	 -1
1008	 673	 1
264	 674	 -1
984	 674	 1
264	 675	 -1
1288	 675	 1
264	 676	 -1
265	 676	 1
265	 677	 -1
267	 677	 1
265	 678	 -1
1289	 678	 1
266	 679	 -1
268	 679	 1
266	 680	 -1
267	 680	 1
267	 681	 -1
983	 681	 1
267	 682	 -1
269	 682	 1
268	 683	 -1
270	 683	 1
268	 684	 -1
1008	 684	 1
268	 685	 -1
269	 685	 1
269	 686	 -1
1007	 686	 1
269	 687	 -1
271	 687	 1
270	 688	 -1
271	 688	 1
270	 689	 -1
272	 689	 1
270	 690	 -1
1055	 690	 1
270	 691	 -1
1031	 691	 1
271	 692	 -1
273	 692	 1
272	 693	 -1
275	 693	 1
272	 694	 -1
273	 694	 1
273	 695	 -1
1030	 695	 1
273	 696	 -1
276	 696	 1
273	 697	 -1
1007	 697	 1
274	 698	 -1
1081	 698	 1
274	 699	 -1
275	 699	 1
274	 700	 -1
276	 700	 1
275	 701	 -1
276	 701	 1
275	 702	 -1
1055	 702	 1
276	 703	 -1
1054	 703	 1
277	 704	 -1
1014	 704	 1
277	 705	 -1
279	 705	 1
277	 706	 -1
278	 706	 1
278	 707	 -1
279	 707	 1
278	 708	 -1
280	 708	 1
279	 709	 -1
1013	 709	 1
279	 710	 -1
281	 710	 1
279	 711	 -1
989	 711	 1
280	 712	 -1
281	 712	 1
280	 713	 -1
282	 713	 1
280	 714	 -1
1061	 714	 1
280	 715	 -1
1036	 715	 1
281	 716	 -1
283	 716	 1
282	 717	 -1
284	 717	 1
282	 718	 -1
283	 718	 1
283	 719	 -1
1035	 719	 1
283	 720	 -1
285	 720	 1
283	 721	 -1
1013	 721	 1
284	 722	 -1
1087	 722	 1
284	 723	 -1
1061	 723	 1
284	 724	 -1
285	 724	 1
285	 725	 -1
1060	 725	 1
286	 726	 -1
288	 726	 1
286	 727	 -1
1087	 727	 1
286	 728	 -1
287	 728	 1
287	 729	 -1
1086	 729	 1
287	 730	 -1
289	 730	 1
287	 731	 -1
1060	 731	 1
288	 732	 -1
289	 732	 1
288	 733	 -1
290	 733	 1
288	 734	 -1
1146	 734	 1
288	 735	 -1
1116	 735	 1
289	 736	 -1
291	 736	 1
290	 737	 -1
292	 737	 1
290	 738	 -1
291	 738	 1
291	 739	 -1
1115	 739	 1
291	 740	 -1
293	 740	 1
291	 741	 -1
1086	 741	 1
292	 742	 -1
294	 742	 1
292	 743	 -1
1177	 743	 1
292	 744	 -1
1146	 744	 1
292	 745	 -1
293	 745	 1
293	 746	 -1
295	 746	 1
294	 747	 -1
296	 747	 1
294	 748	 -1
295	 748	 1
295	 749	 -1
1145	 749	 1
295	 750	 -1
297	 750	 1
295	 751	 -1
1115	 751	 1
296	 752	 -1
298	 752	 1
296	 753	 -1
1177	 753	 1
296	 754	 -1
297	 754	 1
297	 755	 -1
1176	 755	 1
297	 756	 -1
299	 756	 1
298	 757	 -1
299	 757	 1
298	 758	 -1
301	 758	 1
298	 759	 -1
1240	 759	 1
298	 760	 -1
1208	 760	 1
299	 761	 -1
302	 761	 1
300	 762	 -1
1239	 762	 1
300	 763	 -1
301	 763	 1
300	 764	 -1
302	 764	 1
301	 765	 -1
302	 765	 1
302	 766	 -1
1207	 766	 1
302	 767	 -1
1176	 767	 1
303	 768	 -1
440	 768	 1
303	 769	 -1
305	 769	 1
303	 770	 -1
304	 770	 1
304	 771	 -1
305	 771	 1
304	 772	 -1
306	 772	 1
304	 773	 -1
469	 773	 1
305	 774	 -1
468	 774	 1
305	 775	 -1
307	 775	 1
306	 776	 -1
307	 776	 1
306	 777	 -1
1279	 777	 1
307	 778	 -1
493	 778	 1
307	 779	 -1
1280	 779	 1
308	 780	 -1
309	 780	 1
308	 781	 -1
310	 781	 1
308	 782	 -1
1250	 782	 1
309	 783	 -1
538	 783	 1
309	 784	 -1
563	 784	 1
309	 785	 -1
311	 785	 1
309	 786	 -1
1251	 786	 1
310	 787	 -1
311	 787	 1
310	 788	 -1
312	 788	 1
310	 789	 -1
539	 789	 1
310	 790	 -1
515	 790	 1
311	 791	 -1
313	 791	 1
312	 792	 -1
313	 792	 1
312	 793	 -1
314	 793	 1
312	 794	 -1
564	 794	 1
313	 795	 -1
563	 795	 1
313	 796	 -1
315	 796	 1
314	 797	 -1
315	 797	 1
314	 798	 -1
316	 798	 1
315	 799	 -1
589	 799	 1
315	 800	 -1
616	 800	 1
315	 801	 -1
317	 801	 1
316	 802	 -1
317	 802	 1
316	 803	 -1
318	 803	 1
316	 804	 -1
590	 804	 1
316	 805	 -1
564	 805	 1
317	 806	 -1
319	 806	 1
318	 807	 -1
319	 807	 1
318	 808	 -1
320	 808	 1
318	 809	 -1
617	 809	 1
319	 810	 -1
616	 810	 1
319	 811	 -1
321	 811	 1
320	 812	 -1
321	 812	 1
320	 813	 -1
1282	 813	 1
321	 814	 -1
643	 814	 1
321	 815	 -1
668	 815	 1
321	 816	 -1
1283	 816	 1
322	 817	 -1
724	 817	 1
322	 818	 -1
323	 818	 1
322	 819	 -1
324	 819	 1
323	 820	 -1
1285	 820	 1
323	 821	 -1
324	 821	 1
323	 822	 1
323	 823	 -1
669	 823	 1
324	 824	 -1
1286	 824	 1
325	 825	 1
325	 826	 -1
358	 826	 1
325	 827	 -1
326	 827	 1
325	 828	 1
326	 829	 -1
359	 829	 1
326	 830	 -1
327	 830	 1
326	 831	 1
327	 832	 -1
360	 832	 1
327	 833	 -1
328	 833	 1
327	 834	 1
328	 835	 -1
361	 835	 1
328	 836	 -1
329	 836	 1
328	 837	 1
329	 838	 -1
362	 838	 1
329	 839	 -1
330	 839	 1
329	 840	 1
330	 841	 -1
363	 841	 1
330	 842	 -1
331	 842	 1
330	 843	 1
331	 844	 -1
364	 844	 1
331	 845	 -1
332	 845	 1
331	 846	 1
332	 847	 -1
365	 847	 1
332	 848	 -1
333	 848	 1
332	 849	 1
333	 850	 -1
334	 850	 1
333	 851	 1
334	 852	 -1
335	 852	 1
334	 853	 1
335	 854	 -1
366	 854	 1
335	 855	 -1
336	 855	 1
335	 856	 1
336	 857	 -1
367	 857	 1
336	 858	 -1
337	 858	 1
336	 859	 1
337	 860	 -1
368	 860	 1
337	 861	 -1
338	 861	 1
337	 862	 1
338	 863	 -1
339	 863	 1
338	 864	 1
339	 865	 -1
369	 865	 1
339	 866	 -1
340	 866	 1
339	 867	 1
340	 868	 -1
370	 868	 1
340	 869	 -1
341	 869	 1
340	 870	 1
341	 871	 -1
371	 871	 1
341	 872	 -1
342	 872	 1
341	 873	 1
342	 874	 -1
372	 874	 1
342	 875	 -1
343	 875	 1
342	 876	 1
343	 877	 -1
373	 877	 1
343	 878	 -1
344	 878	 1
343	 879	 1
344	 880	 -1
374	 880	 1
344	 881	 -1
345	 881	 1
344	 882	 1
345	 883	 -1
375	 883	 1
345	 884	 -1
346	 884	 1
345	 885	 1
346	 886	 -1
376	 886	 1
346	 887	 -1
347	 887	 1
346	 888	 1
347	 889	 -1
377	 889	 1
347	 890	 -1
348	 890	 1
347	 891	 1
348	 892	 -1
378	 892	 1
348	 893	 -1
349	 893	 1
348	 894	 1
349	 895	 -1
379	 895	 1
349	 896	 -1
350	 896	 1
349	 897	 1
350	 898	 -1
380	 898	 1
350	 899	 -1
351	 899	 1
350	 900	 1
351	 901	 -1
381	 901	 1
351	 902	 -1
352	 902	 1
351	 903	 1
352	 904	 -1
382	 904	 1
352	 905	 -1
353	 905	 1
352	 906	 1
353	 907	 -1
383	 907	 1
353	 908	 -1
354	 908	 1
353	 909	 1
354	 910	 -1
384	 910	 1
354	 911	 -1
355	 911	 1
354	 912	 1
355	 913	 -1
385	 913	 1
355	 914	 -1
356	 914	 1
355	 915	 1
356	 916	 -1
386	 916	 1
356	 917	 -1
357	 917	 1
356	 918	 1
357	 919	 -1
387	 919	 1
357	 920	 1
357	 921	 1
358	 922	 1
358	 923	 -1
388	 923	 1
358	 924	 -1
359	 924	 1
359	 925	 -1
389	 925	 1
359	 926	 -1
360	 926	 1
360	 927	 -1
390	 927	 1
360	 928	 -1
361	 928	 1
361	 929	 -1
391	 929	 1
361	 930	 -1
362	 930	 1
362	 931	 -1
392	 931	 1
362	 932	 -1
363	 932	 1
363	 933	 -1
393	 933	 1
363	 934	 -1
364	 934	 1
364	 935	 -1
394	 935	 1
364	 936	 -1
365	 936	 1
365	 937	 -1
395	 937	 1
366	 938	 -1
367	 938	 1
367	 939	 -1
368	 939	 1
369	 940	 -1
398	 940	 1
369	 941	 -1
370	 941	 1
370	 942	 -1
399	 942	 1
370	 943	 -1
371	 943	 1
371	 944	 -1
400	 944	 1
371	 945	 -1
372	 945	 1
372	 946	 -1
401	 946	 1
372	 947	 -1
373	 947	 1
373	 948	 -1
402	 948	 1
373	 949	 -1
374	 949	 1
374	 950	 -1
403	 950	 1
374	 951	 -1
375	 951	 1
375	 952	 -1
404	 952	 1
375	 953	 -1
376	 953	 1
376	 954	 -1
405	 954	 1
376	 955	 -1
377	 955	 1
377	 956	 -1
406	 956	 1
377	 957	 -1
378	 957	 1
378	 958	 -1
407	 958	 1
378	 959	 -1
379	 959	 1
379	 960	 -1
408	 960	 1
379	 961	 -1
380	 961	 1
380	 962	 -1
409	 962	 1
380	 963	 -1
381	 963	 1
381	 964	 -1
410	 964	 1
381	 965	 -1
382	 965	 1
382	 966	 -1
411	 966	 1
382	 967	 -1
383	 967	 1
383	 968	 -1
412	 968	 1
383	 969	 -1
384	 969	 1
384	 970	 -1
413	 970	 1
384	 971	 -1
385	 971	 1
385	 972	 -1
414	 972	 1
385	 973	 -1
386	 973	 1
386	 974	 -1
415	 974	 1
386	 975	 -1
387	 975	 1
387	 976	 -1
416	 976	 1
387	 977	 1
388	 978	 1
388	 979	 -1
417	 979	 1
388	 980	 -1
389	 980	 1
389	 981	 -1
418	 981	 1
389	 982	 -1
390	 982	 1
390	 983	 -1
419	 983	 1
390	 984	 -1
391	 984	 1
391	 985	 -1
420	 985	 1
391	 986	 -1
392	 986	 1
392	 987	 -1
421	 987	 1
392	 988	 -1
393	 988	 1
393	 989	 -1
422	 989	 1
393	 990	 -1
394	 990	 1
394	 991	 -1
423	 991	 1
394	 992	 -1
395	 992	 1
397	 993	 -1
426	 993	 1
397	 994	 -1
398	 994	 1
398	 995	 -1
427	 995	 1
398	 996	 -1
399	 996	 1
399	 997	 -1
428	 997	 1
399	 998	 -1
400	 998	 1
400	 999	 -1
429	 999	 1
400	 1000	 -1
401	 1000	 1
401	 1001	 -1
430	 1001	 1
401	 1002	 -1
402	 1002	 1
402	 1003	 -1
431	 1003	 1
402	 1004	 -1
403	 1004	 1
403	 1005	 -1
432	 1005	 1
403	 1006	 -1
404	 1006	 1
404	 1007	 -1
433	 1007	 1
404	 1008	 -1
405	 1008	 1
405	 1009	 -1
434	 1009	 1
405	 1010	 -1
406	 1010	 1
406	 1011	 -1
435	 1011	 1
406	 1012	 -1
407	 1012	 1
407	 1013	 -1
436	 1013	 1
407	 1014	 -1
408	 1014	 1
408	 1015	 -1
437	 1015	 1
408	 1016	 -1
409	 1016	 1
409	 1017	 -1
438	 1017	 1
409	 1018	 -1
410	 1018	 1
410	 1019	 -1
439	 1019	 1
410	 1020	 -1
411	 1020	 1
411	 1021	 -1
440	 1021	 1
411	 1022	 -1
412	 1022	 1
412	 1023	 -1
441	 1023	 1
412	 1024	 -1
413	 1024	 1
413	 1025	 -1
442	 1025	 1
413	 1026	 -1
414	 1026	 1
414	 1027	 -1
443	 1027	 1
414	 1028	 -1
415	 1028	 1
415	 1029	 -1
444	 1029	 1
415	 1030	 -1
416	 1030	 1
416	 1031	 -1
445	 1031	 1
416	 1032	 1
417	 1033	 1
417	 1034	 -1
446	 1034	 1
417	 1035	 -1
418	 1035	 1
418	 1036	 -1
447	 1036	 1
418	 1037	 -1
419	 1037	 1
419	 1038	 -1
448	 1038	 1
419	 1039	 -1
420	 1039	 1
420	 1040	 -1
449	 1040	 1
420	 1041	 -1
421	 1041	 1
421	 1042	 -1
450	 1042	 1
421	 1043	 -1
422	 1043	 1
422	 1044	 -1
451	 1044	 1
422	 1045	 -1
423	 1045	 1
423	 1046	 -1
1274	 1046	 1
424	 1047	 -1
454	 1047	 1
424	 1048	 -1
425	 1048	 1
425	 1049	 -1
455	 1049	 1
425	 1050	 -1
426	 1050	 1
426	 1051	 -1
456	 1051	 1
426	 1052	 -1
427	 1052	 1
427	 1053	 -1
457	 1053	 1
427	 1054	 -1
428	 1054	 1
428	 1055	 -1
458	 1055	 1
428	 1056	 -1
429	 1056	 1
429	 1057	 -1
459	 1057	 1
429	 1058	 -1
430	 1058	 1
430	 1059	 -1
460	 1059	 1
430	 1060	 -1
431	 1060	 1
431	 1061	 -1
461	 1061	 1
431	 1062	 -1
432	 1062	 1
432	 1063	 -1
462	 1063	 1
432	 1064	 -1
433	 1064	 1
433	 1065	 -1
434	 1065	 1
434	 1066	 -1
463	 1066	 1
434	 1067	 -1
435	 1067	 1
435	 1068	 -1
464	 1068	 1
435	 1069	 -1
436	 1069	 1
436	 1070	 -1
465	 1070	 1
436	 1071	 -1
437	 1071	 1
437	 1072	 -1
466	 1072	 1
437	 1073	 -1
438	 1073	 1
438	 1074	 -1
467	 1074	 1
438	 1075	 -1
439	 1075	 1
439	 1076	 -1
468	 1076	 1
439	 1077	 -1
440	 1077	 1
440	 1078	 -1
441	 1078	 1
441	 1079	 -1
469	 1079	 1
441	 1080	 -1
442	 1080	 1
442	 1081	 -1
470	 1081	 1
442	 1082	 -1
443	 1082	 1
443	 1083	 -1
444	 1083	 1
444	 1084	 -1
471	 1084	 1
444	 1085	 -1
445	 1085	 1
445	 1086	 -1
472	 1086	 1
445	 1087	 1
446	 1088	 1
446	 1089	 -1
473	 1089	 1
446	 1090	 -1
447	 1090	 1
447	 1091	 -1
474	 1091	 1
447	 1092	 -1
448	 1092	 1
448	 1093	 -1
475	 1093	 1
448	 1094	 -1
449	 1094	 1
449	 1095	 -1
476	 1095	 1
449	 1096	 -1
450	 1096	 1
450	 1097	 -1
451	 1097	 1
451	 1098	 -1
1274	 1098	 1
452	 1099	 -1
479	 1099	 1
452	 1100	 -1
453	 1100	 1
453	 1101	 -1
480	 1101	 1
453	 1102	 -1
454	 1102	 1
454	 1103	 -1
481	 1103	 1
454	 1104	 -1
455	 1104	 1
455	 1105	 -1
482	 1105	 1
455	 1106	 -1
456	 1106	 1
456	 1107	 -1
483	 1107	 1
456	 1108	 -1
457	 1108	 1
457	 1109	 -1
484	 1109	 1
457	 1110	 -1
458	 1110	 1
458	 1111	 -1
485	 1111	 1
458	 1112	 -1
459	 1112	 1
459	 1113	 -1
486	 1113	 1
459	 1114	 -1
460	 1114	 1
460	 1115	 -1
487	 1115	 1
460	 1116	 -1
461	 1116	 1
461	 1117	 -1
462	 1117	 1
463	 1118	 -1
488	 1118	 1
463	 1119	 -1
464	 1119	 1
464	 1120	 -1
489	 1120	 1
464	 1121	 -1
465	 1121	 1
465	 1122	 -1
490	 1122	 1
465	 1123	 -1
466	 1123	 1
466	 1124	 -1
491	 1124	 1
466	 1125	 -1
467	 1125	 1
467	 1126	 -1
492	 1126	 1
467	 1127	 -1
468	 1127	 1
468	 1128	 -1
493	 1128	 1
469	 1129	 -1
1279	 1129	 1
469	 1130	 -1
470	 1130	 1
471	 1131	 -1
494	 1131	 1
471	 1132	 -1
472	 1132	 1
472	 1133	 -1
495	 1133	 1
472	 1134	 1
473	 1135	 1
473	 1136	 -1
496	 1136	 1
473	 1137	 -1
474	 1137	 1
474	 1138	 -1
497	 1138	 1
474	 1139	 -1
475	 1139	 1
475	 1140	 -1
476	 1140	 1
477	 1141	 -1
1246	 1141	 1
477	 1142	 -1
498	 1142	 1
477	 1143	 -1
478	 1143	 1
477	 1144	 -1
1278	 1144	 1
478	 1145	 -1
499	 1145	 1
478	 1146	 -1
479	 1146	 1
479	 1147	 -1
500	 1147	 1
479	 1148	 -1
480	 1148	 1
480	 1149	 -1
501	 1149	 1
480	 1150	 -1
481	 1150	 1
481	 1151	 -1
502	 1151	 1
481	 1152	 -1
482	 1152	 1
482	 1153	 -1
503	 1153	 1
482	 1154	 -1
483	 1154	 1
483	 1155	 -1
504	 1155	 1
483	 1156	 -1
484	 1156	 1
484	 1157	 -1
505	 1157	 1
484	 1158	 -1
485	 1158	 1
485	 1159	 -1
506	 1159	 1
485	 1160	 -1
486	 1160	 1
486	 1161	 -1
507	 1161	 1
486	 1162	 -1
487	 1162	 1
488	 1163	 -1
510	 1163	 1
488	 1164	 -1
489	 1164	 1
489	 1165	 -1
511	 1165	 1
489	 1166	 -1
490	 1166	 1
490	 1167	 -1
512	 1167	 1
490	 1168	 -1
491	 1168	 1
491	 1169	 -1
513	 1169	 1
491	 1170	 -1
492	 1170	 1
492	 1171	 -1
514	 1171	 1
492	 1172	 -1
493	 1172	 1
494	 1173	 -1
517	 1173	 1
494	 1174	 -1
495	 1174	 1
495	 1175	 -1
518	 1175	 1
495	 1176	 1
496	 1177	 1
496	 1178	 -1
519	 1178	 1
496	 1179	 -1
497	 1179	 1
497	 1180	 -1
520	 1180	 1
498	 1181	 -1
523	 1181	 1
498	 1182	 -1
499	 1182	 1
499	 1183	 -1
524	 1183	 1
499	 1184	 -1
500	 1184	 1
500	 1185	 -1
525	 1185	 1
500	 1186	 -1
501	 1186	 1
501	 1187	 -1
526	 1187	 1
501	 1188	 -1
502	 1188	 1
502	 1189	 -1
527	 1189	 1
502	 1190	 -1
503	 1190	 1
503	 1191	 -1
528	 1191	 1
503	 1192	 -1
504	 1192	 1
504	 1193	 -1
529	 1193	 1
504	 1194	 -1
505	 1194	 1
505	 1195	 -1
530	 1195	 1
505	 1196	 -1
506	 1196	 1
506	 1197	 -1
507	 1197	 1
508	 1198	 -1
532	 1198	 1
508	 1199	 -1
509	 1199	 1
509	 1200	 -1
533	 1200	 1
509	 1201	 -1
510	 1201	 1
510	 1202	 -1
534	 1202	 1
510	 1203	 -1
511	 1203	 1
511	 1204	 -1
535	 1204	 1
511	 1205	 -1
512	 1205	 1
512	 1206	 -1
536	 1206	 1
512	 1207	 -1
513	 1207	 1
513	 1208	 -1
537	 1208	 1
513	 1209	 -1
514	 1209	 1
515	 1210	 -1
1250	 1210	 1
515	 1211	 -1
516	 1211	 1
516	 1212	 -1
539	 1212	 1
516	 1213	 -1
517	 1213	 1
517	 1214	 -1
540	 1214	 1
517	 1215	 -1
518	 1215	 1
518	 1216	 -1
541	 1216	 1
518	 1217	 1
519	 1218	 1
519	 1219	 -1
542	 1219	 1
519	 1220	 -1
520	 1220	 1
520	 1221	 -1
543	 1221	 1
521	 1222	 -1
545	 1222	 1
522	 1223	 -1
547	 1223	 1
522	 1224	 -1
523	 1224	 1
523	 1225	 -1
548	 1225	 1
523	 1226	 -1
524	 1226	 1
524	 1227	 -1
549	 1227	 1
524	 1228	 -1
525	 1228	 1
525	 1229	 -1
550	 1229	 1
525	 1230	 -1
526	 1230	 1
526	 1231	 -1
551	 1231	 1
526	 1232	 -1
527	 1232	 1
527	 1233	 -1
552	 1233	 1
527	 1234	 -1
528	 1234	 1
528	 1235	 -1
553	 1235	 1
528	 1236	 -1
529	 1236	 1
529	 1237	 -1
530	 1237	 1
531	 1238	 -1
556	 1238	 1
531	 1239	 -1
532	 1239	 1
532	 1240	 -1
557	 1240	 1
532	 1241	 -1
533	 1241	 1
533	 1242	 -1
558	 1242	 1
533	 1243	 -1
534	 1243	 1
534	 1244	 -1
559	 1244	 1
534	 1245	 -1
535	 1245	 1
535	 1246	 -1
560	 1246	 1
535	 1247	 -1
536	 1247	 1
536	 1248	 -1
537	 1248	 1
538	 1249	 -1
562	 1249	 1
539	 1250	 -1
564	 1250	 1
539	 1251	 -1
540	 1251	 1
540	 1252	 -1
565	 1252	 1
540	 1253	 -1
541	 1253	 1
541	 1254	 -1
566	 1254	 1
541	 1255	 1
542	 1256	 1
542	 1257	 -1
567	 1257	 1
542	 1258	 -1
543	 1258	 1
543	 1259	 -1
568	 1259	 1
543	 1260	 -1
544	 1260	 1
544	 1261	 -1
569	 1261	 1
544	 1262	 -1
545	 1262	 1
545	 1263	 -1
570	 1263	 1
546	 1264	 -1
572	 1264	 1
546	 1265	 -1
547	 1265	 1
547	 1266	 -1
573	 1266	 1
547	 1267	 -1
548	 1267	 1
548	 1268	 -1
574	 1268	 1
548	 1269	 -1
549	 1269	 1
549	 1270	 -1
575	 1270	 1
549	 1271	 -1
550	 1271	 1
550	 1272	 -1
576	 1272	 1
550	 1273	 -1
551	 1273	 1
551	 1274	 -1
577	 1274	 1
551	 1275	 -1
552	 1275	 1
552	 1276	 -1
553	 1276	 1
554	 1277	 -1
580	 1277	 1
554	 1278	 -1
555	 1278	 1
555	 1279	 -1
581	 1279	 1
555	 1280	 -1
556	 1280	 1
556	 1281	 -1
582	 1281	 1
556	 1282	 -1
557	 1282	 1
557	 1283	 -1
583	 1283	 1
557	 1284	 -1
558	 1284	 1
558	 1285	 -1
584	 1285	 1
558	 1286	 -1
559	 1286	 1
559	 1287	 -1
560	 1287	 1
561	 1288	 -1
587	 1288	 1
561	 1289	 -1
562	 1289	 1
562	 1290	 -1
588	 1290	 1
562	 1291	 -1
563	 1291	 1
563	 1292	 -1
589	 1292	 1
564	 1293	 -1
565	 1293	 1
565	 1294	 -1
590	 1294	 1
565	 1295	 -1
566	 1295	 1
566	 1296	 -1
591	 1296	 1
566	 1297	 1
567	 1298	 1
567	 1299	 -1
592	 1299	 1
567	 1300	 -1
568	 1300	 1
568	 1301	 -1
593	 1301	 1
568	 1302	 -1
569	 1302	 1
569	 1303	 -1
594	 1303	 1
569	 1304	 -1
570	 1304	 1
570	 1305	 -1
595	 1305	 1
570	 1306	 -1
571	 1306	 1
571	 1307	 -1
596	 1307	 1
571	 1308	 -1
572	 1308	 1
572	 1309	 -1
597	 1309	 1
572	 1310	 -1
573	 1310	 1
573	 1311	 -1
598	 1311	 1
573	 1312	 -1
574	 1312	 1
574	 1313	 -1
599	 1313	 1
574	 1314	 -1
575	 1314	 1
575	 1315	 -1
600	 1315	 1
575	 1316	 -1
576	 1316	 1
576	 1317	 -1
577	 1317	 1
578	 1318	 -1
603	 1318	 1
578	 1319	 -1
579	 1319	 1
579	 1320	 -1
604	 1320	 1
579	 1321	 -1
580	 1321	 1
580	 1322	 -1
605	 1322	 1
580	 1323	 -1
581	 1323	 1
581	 1324	 -1
606	 1324	 1
581	 1325	 -1
582	 1325	 1
582	 1326	 -1
607	 1326	 1
582	 1327	 -1
583	 1327	 1
583	 1328	 -1
608	 1328	 1
583	 1329	 -1
584	 1329	 1
585	 1330	 -1
611	 1330	 1
585	 1331	 -1
586	 1331	 1
586	 1332	 -1
612	 1332	 1
586	 1333	 -1
587	 1333	 1
587	 1334	 -1
613	 1334	 1
587	 1335	 -1
588	 1335	 1
588	 1336	 -1
614	 1336	 1
588	 1337	 -1
589	 1337	 1
589	 1338	 -1
615	 1338	 1
590	 1339	 -1
617	 1339	 1
590	 1340	 -1
591	 1340	 1
591	 1341	 -1
618	 1341	 1
591	 1342	 1
592	 1343	 1
592	 1344	 -1
619	 1344	 1
592	 1345	 -1
593	 1345	 1
593	 1346	 -1
620	 1346	 1
593	 1347	 -1
594	 1347	 1
594	 1348	 -1
621	 1348	 1
594	 1349	 -1
595	 1349	 1
595	 1350	 -1
622	 1350	 1
595	 1351	 -1
596	 1351	 1
596	 1352	 -1
623	 1352	 1
596	 1353	 -1
597	 1353	 1
597	 1354	 -1
624	 1354	 1
597	 1355	 -1
598	 1355	 1
598	 1356	 -1
625	 1356	 1
598	 1357	 -1
599	 1357	 1
599	 1358	 -1
626	 1358	 1
599	 1359	 -1
600	 1359	 1
601	 1360	 -1
629	 1360	 1
601	 1361	 -1
602	 1361	 1
602	 1362	 -1
630	 1362	 1
602	 1363	 -1
603	 1363	 1
603	 1364	 -1
631	 1364	 1
603	 1365	 -1
604	 1365	 1
604	 1366	 -1
632	 1366	 1
604	 1367	 -1
605	 1367	 1
605	 1368	 -1
633	 1368	 1
605	 1369	 -1
606	 1369	 1
606	 1370	 -1
634	 1370	 1
606	 1371	 -1
607	 1371	 1
607	 1372	 -1
608	 1372	 1
609	 1373	 -1
636	 1373	 1
609	 1374	 -1
610	 1374	 1
610	 1375	 -1
637	 1375	 1
610	 1376	 -1
611	 1376	 1
611	 1377	 -1
638	 1377	 1
611	 1378	 -1
612	 1378	 1
612	 1379	 -1
639	 1379	 1
612	 1380	 -1
613	 1380	 1
613	 1381	 -1
640	 1381	 1
613	 1382	 -1
614	 1382	 1
614	 1383	 -1
641	 1383	 1
614	 1384	 -1
615	 1384	 1
615	 1385	 -1
642	 1385	 1
615	 1386	 -1
616	 1386	 1
616	 1387	 -1
643	 1387	 1
617	 1388	 -1
1282	 1388	 1
617	 1389	 -1
618	 1389	 1
618	 1390	 1
619	 1391	 1
619	 1392	 -1
644	 1392	 1
619	 1393	 -1
620	 1393	 1
620	 1394	 -1
645	 1394	 1
620	 1395	 -1
621	 1395	 1
621	 1396	 -1
646	 1396	 1
621	 1397	 -1
622	 1397	 1
622	 1398	 -1
647	 1398	 1
622	 1399	 -1
623	 1399	 1
623	 1400	 -1
648	 1400	 1
623	 1401	 -1
624	 1401	 1
624	 1402	 -1
649	 1402	 1
624	 1403	 -1
625	 1403	 1
625	 1404	 -1
626	 1404	 1
627	 1405	 -1
651	 1405	 1
627	 1406	 -1
628	 1406	 1
628	 1407	 -1
652	 1407	 1
628	 1408	 -1
629	 1408	 1
629	 1409	 -1
653	 1409	 1
629	 1410	 -1
630	 1410	 1
630	 1411	 -1
654	 1411	 1
630	 1412	 -1
631	 1412	 1
631	 1413	 -1
655	 1413	 1
631	 1414	 -1
632	 1414	 1
632	 1415	 -1
656	 1415	 1
632	 1416	 -1
633	 1416	 1
633	 1417	 -1
634	 1417	 1
635	 1418	 -1
659	 1418	 1
635	 1419	 -1
636	 1419	 1
636	 1420	 -1
660	 1420	 1
636	 1421	 -1
637	 1421	 1
637	 1422	 -1
661	 1422	 1
637	 1423	 -1
638	 1423	 1
638	 1424	 -1
662	 1424	 1
638	 1425	 -1
639	 1425	 1
639	 1426	 -1
663	 1426	 1
639	 1427	 -1
640	 1427	 1
640	 1428	 -1
664	 1428	 1
640	 1429	 -1
641	 1429	 1
641	 1430	 -1
665	 1430	 1
641	 1431	 -1
642	 1431	 1
642	 1432	 -1
666	 1432	 1
642	 1433	 -1
643	 1433	 1
643	 1434	 -1
667	 1434	 1
644	 1435	 1
644	 1436	 -1
670	 1436	 1
644	 1437	 -1
645	 1437	 1
645	 1438	 -1
671	 1438	 1
645	 1439	 -1
646	 1439	 1
646	 1440	 -1
672	 1440	 1
646	 1441	 -1
647	 1441	 1
647	 1442	 -1
673	 1442	 1
647	 1443	 -1
648	 1443	 1
648	 1444	 -1
649	 1444	 1
650	 1445	 -1
676	 1445	 1
650	 1446	 -1
651	 1446	 1
651	 1447	 -1
677	 1447	 1
651	 1448	 -1
652	 1448	 1
652	 1449	 -1
678	 1449	 1
652	 1450	 -1
653	 1450	 1
653	 1451	 -1
679	 1451	 1
653	 1452	 -1
654	 1452	 1
654	 1453	 -1
680	 1453	 1
654	 1454	 -1
655	 1454	 1
655	 1455	 -1
681	 1455	 1
655	 1456	 -1
656	 1456	 1
656	 1457	 -1
682	 1457	 1
657	 1458	 -1
685	 1458	 1
657	 1459	 -1
658	 1459	 1
658	 1460	 -1
686	 1460	 1
658	 1461	 -1
659	 1461	 1
659	 1462	 -1
687	 1462	 1
659	 1463	 -1
660	 1463	 1
660	 1464	 -1
688	 1464	 1
660	 1465	 -1
661	 1465	 1
661	 1466	 -1
689	 1466	 1
661	 1467	 -1
662	 1467	 1
662	 1468	 -1
690	 1468	 1
662	 1469	 -1
663	 1469	 1
663	 1470	 -1
691	 1470	 1
663	 1471	 -1
664	 1471	 1
664	 1472	 -1
692	 1472	 1
664	 1473	 -1
665	 1473	 1
665	 1474	 -1
693	 1474	 1
665	 1475	 -1
666	 1475	 1
666	 1476	 -1
694	 1476	 1
666	 1477	 -1
667	 1477	 1
667	 1478	 -1
695	 1478	 1
667	 1479	 -1
668	 1479	 1
668	 1480	 -1
1268	 1480	 1
669	 1481	 -1
1266	 1481	 1
669	 1482	 1
670	 1483	 1
670	 1484	 -1
696	 1484	 1
670	 1485	 -1
671	 1485	 1
671	 1486	 -1
697	 1486	 1
671	 1487	 -1
672	 1487	 1
672	 1488	 -1
673	 1488	 1
674	 1489	 -1
700	 1489	 1
674	 1490	 -1
675	 1490	 1
675	 1491	 -1
701	 1491	 1
675	 1492	 -1
676	 1492	 1
676	 1493	 -1
702	 1493	 1
676	 1494	 -1
677	 1494	 1
677	 1495	 -1
703	 1495	 1
677	 1496	 -1
678	 1496	 1
678	 1497	 -1
704	 1497	 1
678	 1498	 -1
679	 1498	 1
679	 1499	 -1
705	 1499	 1
679	 1500	 -1
680	 1500	 1
680	 1501	 -1
706	 1501	 1
680	 1502	 -1
681	 1502	 1
681	 1503	 -1
707	 1503	 1
681	 1504	 -1
682	 1504	 1
682	 1505	 -1
708	 1505	 1
683	 1506	 -1
710	 1506	 1
683	 1507	 -1
684	 1507	 1
684	 1508	 -1
711	 1508	 1
684	 1509	 -1
685	 1509	 1
685	 1510	 -1
712	 1510	 1
685	 1511	 -1
686	 1511	 1
686	 1512	 -1
713	 1512	 1
686	 1513	 -1
687	 1513	 1
687	 1514	 -1
714	 1514	 1
687	 1515	 -1
688	 1515	 1
688	 1516	 -1
715	 1516	 1
688	 1517	 -1
689	 1517	 1
689	 1518	 -1
716	 1518	 1
689	 1519	 -1
690	 1519	 1
690	 1520	 -1
717	 1520	 1
690	 1521	 -1
691	 1521	 1
691	 1522	 -1
718	 1522	 1
691	 1523	 -1
692	 1523	 1
692	 1524	 -1
719	 1524	 1
692	 1525	 -1
693	 1525	 1
693	 1526	 -1
720	 1526	 1
693	 1527	 -1
694	 1527	 1
694	 1528	 -1
721	 1528	 1
694	 1529	 -1
695	 1529	 1
695	 1530	 -1
722	 1530	 1
696	 1531	 1
696	 1532	 -1
725	 1532	 1
696	 1533	 -1
697	 1533	 1
697	 1534	 -1
726	 1534	 1
698	 1535	 -1
730	 1535	 1
698	 1536	 -1
699	 1536	 1
699	 1537	 -1
731	 1537	 1
699	 1538	 -1
700	 1538	 1
700	 1539	 -1
732	 1539	 1
700	 1540	 -1
701	 1540	 1
701	 1541	 -1
733	 1541	 1
701	 1542	 -1
702	 1542	 1
702	 1543	 -1
734	 1543	 1
702	 1544	 -1
703	 1544	 1
703	 1545	 -1
735	 1545	 1
703	 1546	 -1
704	 1546	 1
704	 1547	 -1
736	 1547	 1
704	 1548	 -1
705	 1548	 1
705	 1549	 -1
737	 1549	 1
705	 1550	 -1
706	 1550	 1
706	 1551	 -1
738	 1551	 1
706	 1552	 -1
707	 1552	 1
707	 1553	 -1
739	 1553	 1
707	 1554	 -1
708	 1554	 1
708	 1555	 -1
740	 1555	 1
708	 1556	 -1
709	 1556	 1
709	 1557	 -1
741	 1557	 1
709	 1558	 -1
710	 1558	 1
710	 1559	 -1
742	 1559	 1
710	 1560	 -1
711	 1560	 1
711	 1561	 -1
743	 1561	 1
711	 1562	 -1
712	 1562	 1
712	 1563	 -1
744	 1563	 1
712	 1564	 -1
713	 1564	 1
713	 1565	 -1
745	 1565	 1
713	 1566	 -1
714	 1566	 1
714	 1567	 -1
746	 1567	 1
714	 1568	 -1
715	 1568	 1
715	 1569	 -1
747	 1569	 1
715	 1570	 -1
716	 1570	 1
716	 1571	 -1
748	 1571	 1
716	 1572	 -1
717	 1572	 1
717	 1573	 -1
749	 1573	 1
717	 1574	 -1
718	 1574	 1
718	 1575	 -1
750	 1575	 1
718	 1576	 -1
719	 1576	 1
719	 1577	 -1
751	 1577	 1
719	 1578	 -1
720	 1578	 1
720	 1579	 -1
752	 1579	 1
720	 1580	 -1
721	 1580	 1
721	 1581	 -1
753	 1581	 1
721	 1582	 -1
722	 1582	 1
723	 1583	 -1
754	 1583	 1
723	 1584	 -1
724	 1584	 1
723	 1585	 -1
1286	 1585	 1
724	 1586	 -1
755	 1586	 1
724	 1587	 1
725	 1588	 1
725	 1589	 -1
756	 1589	 1
725	 1590	 -1
726	 1590	 1
726	 1591	 -1
757	 1591	 1
726	 1592	 -1
727	 1592	 1
727	 1593	 -1
758	 1593	 1
727	 1594	 -1
728	 1594	 1
728	 1595	 -1
759	 1595	 1
728	 1596	 -1
729	 1596	 1
729	 1597	 -1
760	 1597	 1
729	 1598	 -1
730	 1598	 1
730	 1599	 -1
761	 1599	 1
730	 1600	 -1
731	 1600	 1
731	 1601	 -1
762	 1601	 1
731	 1602	 -1
732	 1602	 1
732	 1603	 -1
763	 1603	 1
732	 1604	 -1
733	 1604	 1
733	 1605	 -1
764	 1605	 1
733	 1606	 -1
734	 1606	 1
734	 1607	 -1
765	 1607	 1
734	 1608	 -1
735	 1608	 1
735	 1609	 -1
766	 1609	 1
735	 1610	 -1
736	 1610	 1
736	 1611	 -1
767	 1611	 1
736	 1612	 -1
737	 1612	 1
737	 1613	 -1
768	 1613	 1
737	 1614	 -1
738	 1614	 1
738	 1615	 -1
769	 1615	 1
738	 1616	 -1
739	 1616	 1
739	 1617	 -1
770	 1617	 1
739	 1618	 -1
740	 1618	 1
740	 1619	 -1
771	 1619	 1
740	 1620	 -1
741	 1620	 1
741	 1621	 -1
772	 1621	 1
741	 1622	 -1
742	 1622	 1
742	 1623	 -1
773	 1623	 1
742	 1624	 -1
743	 1624	 1
743	 1625	 -1
774	 1625	 1
743	 1626	 -1
744	 1626	 1
744	 1627	 -1
775	 1627	 1
744	 1628	 -1
745	 1628	 1
745	 1629	 -1
776	 1629	 1
745	 1630	 -1
746	 1630	 1
746	 1631	 -1
777	 1631	 1
746	 1632	 -1
747	 1632	 1
747	 1633	 -1
778	 1633	 1
747	 1634	 -1
748	 1634	 1
748	 1635	 -1
779	 1635	 1
748	 1636	 -1
749	 1636	 1
749	 1637	 -1
780	 1637	 1
749	 1638	 -1
750	 1638	 1
750	 1639	 -1
781	 1639	 1
750	 1640	 -1
751	 1640	 1
751	 1641	 -1
782	 1641	 1
751	 1642	 -1
752	 1642	 1
752	 1643	 -1
783	 1643	 1
752	 1644	 -1
753	 1644	 1
754	 1645	 -1
785	 1645	 1
754	 1646	 -1
755	 1646	 1
755	 1647	 -1
786	 1647	 1
755	 1648	 1
756	 1649	 1
756	 1650	 -1
787	 1650	 1
756	 1651	 -1
757	 1651	 1
757	 1652	 -1
788	 1652	 1
757	 1653	 -1
758	 1653	 1
758	 1654	 -1
789	 1654	 1
758	 1655	 -1
759	 1655	 1
759	 1656	 -1
790	 1656	 1
759	 1657	 -1
760	 1657	 1
760	 1658	 -1
791	 1658	 1
760	 1659	 -1
761	 1659	 1
761	 1660	 -1
792	 1660	 1
761	 1661	 -1
762	 1661	 1
762	 1662	 -1
793	 1662	 1
762	 1663	 -1
763	 1663	 1
763	 1664	 -1
794	 1664	 1
763	 1665	 -1
764	 1665	 1
764	 1666	 -1
795	 1666	 1
764	 1667	 -1
765	 1667	 1
765	 1668	 -1
796	 1668	 1
765	 1669	 -1
766	 1669	 1
766	 1670	 -1
797	 1670	 1
766	 1671	 -1
767	 1671	 1
767	 1672	 -1
798	 1672	 1
767	 1673	 -1
768	 1673	 1
768	 1674	 -1
799	 1674	 1
768	 1675	 -1
769	 1675	 1
769	 1676	 -1
800	 1676	 1
769	 1677	 -1
770	 1677	 1
770	 1678	 -1
801	 1678	 1
770	 1679	 -1
771	 1679	 1
771	 1680	 -1
802	 1680	 1
771	 1681	 -1
772	 1681	 1
772	 1682	 -1
803	 1682	 1
772	 1683	 -1
773	 1683	 1
773	 1684	 -1
804	 1684	 1
773	 1685	 -1
774	 1685	 1
774	 1686	 -1
805	 1686	 1
774	 1687	 -1
775	 1687	 1
775	 1688	 -1
806	 1688	 1
775	 1689	 -1
776	 1689	 1
776	 1690	 -1
807	 1690	 1
776	 1691	 -1
777	 1691	 1
777	 1692	 -1
808	 1692	 1
777	 1693	 -1
778	 1693	 1
778	 1694	 -1
809	 1694	 1
778	 1695	 -1
779	 1695	 1
779	 1696	 -1
810	 1696	 1
779	 1697	 -1
780	 1697	 1
780	 1698	 -1
811	 1698	 1
780	 1699	 -1
781	 1699	 1
781	 1700	 -1
812	 1700	 1
781	 1701	 -1
782	 1701	 1
782	 1702	 -1
813	 1702	 1
782	 1703	 -1
783	 1703	 1
783	 1704	 -1
814	 1704	 1
784	 1705	 -1
816	 1705	 1
784	 1706	 -1
785	 1706	 1
785	 1707	 -1
817	 1707	 1
785	 1708	 -1
786	 1708	 1
786	 1709	 -1
818	 1709	 1
786	 1710	 1
787	 1711	 1
787	 1712	 -1
819	 1712	 1
787	 1713	 -1
788	 1713	 1
788	 1714	 -1
820	 1714	 1
788	 1715	 -1
789	 1715	 1
789	 1716	 -1
821	 1716	 1
789	 1717	 -1
790	 1717	 1
790	 1718	 -1
822	 1718	 1
790	 1719	 -1
791	 1719	 1
791	 1720	 -1
823	 1720	 1
791	 1721	 -1
792	 1721	 1
792	 1722	 -1
824	 1722	 1
792	 1723	 -1
793	 1723	 1
793	 1724	 -1
825	 1724	 1
793	 1725	 -1
794	 1725	 1
794	 1726	 -1
826	 1726	 1
794	 1727	 -1
795	 1727	 1
795	 1728	 -1
827	 1728	 1
795	 1729	 -1
796	 1729	 1
796	 1730	 -1
828	 1730	 1
796	 1731	 -1
797	 1731	 1
797	 1732	 -1
829	 1732	 1
797	 1733	 -1
798	 1733	 1
798	 1734	 -1
830	 1734	 1
798	 1735	 -1
799	 1735	 1
799	 1736	 -1
831	 1736	 1
799	 1737	 -1
800	 1737	 1
800	 1738	 -1
832	 1738	 1
800	 1739	 -1
801	 1739	 1
801	 1740	 -1
833	 1740	 1
801	 1741	 -1
802	 1741	 1
802	 1742	 -1
834	 1742	 1
802	 1743	 -1
803	 1743	 1
803	 1744	 -1
835	 1744	 1
803	 1745	 -1
804	 1745	 1
804	 1746	 -1
836	 1746	 1
804	 1747	 -1
805	 1747	 1
805	 1748	 -1
837	 1748	 1
805	 1749	 -1
806	 1749	 1
806	 1750	 -1
838	 1750	 1
806	 1751	 -1
807	 1751	 1
807	 1752	 -1
839	 1752	 1
807	 1753	 -1
808	 1753	 1
808	 1754	 -1
840	 1754	 1
808	 1755	 -1
809	 1755	 1
809	 1756	 -1
841	 1756	 1
809	 1757	 -1
810	 1757	 1
810	 1758	 -1
842	 1758	 1
810	 1759	 -1
811	 1759	 1
811	 1760	 -1
843	 1760	 1
811	 1761	 -1
812	 1761	 1
812	 1762	 -1
844	 1762	 1
812	 1763	 -1
813	 1763	 1
813	 1764	 -1
845	 1764	 1
813	 1765	 -1
814	 1765	 1
815	 1766	 -1
846	 1766	 1
815	 1767	 -1
816	 1767	 1
816	 1768	 -1
847	 1768	 1
816	 1769	 -1
817	 1769	 1
817	 1770	 -1
848	 1770	 1
817	 1771	 -1
818	 1771	 1
818	 1772	 -1
849	 1772	 1
818	 1773	 1
819	 1774	 1
819	 1775	 -1
850	 1775	 1
819	 1776	 -1
820	 1776	 1
820	 1777	 -1
851	 1777	 1
820	 1778	 -1
821	 1778	 1
821	 1779	 -1
852	 1779	 1
821	 1780	 -1
822	 1780	 1
822	 1781	 -1
853	 1781	 1
822	 1782	 -1
823	 1782	 1
823	 1783	 -1
854	 1783	 1
823	 1784	 -1
824	 1784	 1
824	 1785	 -1
855	 1785	 1
824	 1786	 -1
825	 1786	 1
825	 1787	 -1
856	 1787	 1
825	 1788	 -1
826	 1788	 1
826	 1789	 -1
857	 1789	 1
826	 1790	 -1
827	 1790	 1
827	 1791	 -1
858	 1791	 1
827	 1792	 -1
828	 1792	 1
828	 1793	 -1
859	 1793	 1
828	 1794	 -1
829	 1794	 1
829	 1795	 -1
860	 1795	 1
829	 1796	 -1
830	 1796	 1
830	 1797	 -1
861	 1797	 1
830	 1798	 -1
831	 1798	 1
831	 1799	 -1
832	 1799	 1
832	 1800	 -1
862	 1800	 1
832	 1801	 -1
833	 1801	 1
833	 1802	 -1
863	 1802	 1
833	 1803	 -1
834	 1803	 1
834	 1804	 -1
864	 1804	 1
834	 1805	 -1
835	 1805	 1
835	 1806	 -1
865	 1806	 1
835	 1807	 -1
836	 1807	 1
836	 1808	 -1
866	 1808	 1
836	 1809	 -1
837	 1809	 1
837	 1810	 -1
867	 1810	 1
837	 1811	 -1
838	 1811	 1
838	 1812	 -1
868	 1812	 1
838	 1813	 -1
839	 1813	 1
839	 1814	 -1
869	 1814	 1
839	 1815	 -1
840	 1815	 1
840	 1816	 -1
870	 1816	 1
840	 1817	 -1
841	 1817	 1
841	 1818	 -1
871	 1818	 1
841	 1819	 -1
842	 1819	 1
842	 1820	 -1
872	 1820	 1
842	 1821	 -1
843	 1821	 1
843	 1822	 -1
873	 1822	 1
843	 1823	 -1
844	 1823	 1
844	 1824	 -1
874	 1824	 1
844	 1825	 -1
845	 1825	 1
845	 1826	 -1
875	 1826	 1
846	 1827	 -1
877	 1827	 1
846	 1828	 -1
847	 1828	 1
847	 1829	 -1
878	 1829	 1
847	 1830	 -1
848	 1830	 1
848	 1831	 -1
879	 1831	 1
848	 1832	 -1
849	 1832	 1
849	 1833	 -1
880	 1833	 1
849	 1834	 1
850	 1835	 1
850	 1836	 -1
881	 1836	 1
850	 1837	 -1
851	 1837	 1
851	 1838	 -1
882	 1838	 1
851	 1839	 -1
852	 1839	 1
852	 1840	 -1
883	 1840	 1
852	 1841	 -1
853	 1841	 1
853	 1842	 -1
884	 1842	 1
853	 1843	 -1
854	 1843	 1
854	 1844	 -1
885	 1844	 1
854	 1845	 -1
855	 1845	 1
855	 1846	 -1
886	 1846	 1
855	 1847	 -1
856	 1847	 1
856	 1848	 -1
887	 1848	 1
856	 1849	 -1
857	 1849	 1
857	 1850	 -1
888	 1850	 1
857	 1851	 -1
858	 1851	 1
858	 1852	 -1
889	 1852	 1
858	 1853	 -1
859	 1853	 1
859	 1854	 -1
890	 1854	 1
859	 1855	 -1
860	 1855	 1
860	 1856	 -1
891	 1856	 1
860	 1857	 -1
861	 1857	 1
861	 1858	 -1
892	 1858	 1
862	 1859	 -1
893	 1859	 1
862	 1860	 -1
863	 1860	 1
863	 1861	 -1
894	 1861	 1
863	 1862	 -1
864	 1862	 1
864	 1863	 -1
895	 1863	 1
864	 1864	 -1
865	 1864	 1
865	 1865	 -1
896	 1865	 1
865	 1866	 -1
866	 1866	 1
866	 1867	 -1
897	 1867	 1
866	 1868	 -1
867	 1868	 1
867	 1869	 -1
898	 1869	 1
867	 1870	 -1
868	 1870	 1
868	 1871	 -1
899	 1871	 1
868	 1872	 -1
869	 1872	 1
869	 1873	 -1
900	 1873	 1
869	 1874	 -1
870	 1874	 1
870	 1875	 -1
901	 1875	 1
870	 1876	 -1
871	 1876	 1
871	 1877	 -1
902	 1877	 1
871	 1878	 -1
872	 1878	 1
872	 1879	 -1
903	 1879	 1
872	 1880	 -1
873	 1880	 1
873	 1881	 -1
904	 1881	 1
873	 1882	 -1
874	 1882	 1
874	 1883	 -1
905	 1883	 1
874	 1884	 -1
875	 1884	 1
876	 1885	 -1
906	 1885	 1
876	 1886	 -1
877	 1886	 1
877	 1887	 -1
907	 1887	 1
877	 1888	 -1
878	 1888	 1
878	 1889	 -1
908	 1889	 1
878	 1890	 -1
879	 1890	 1
879	 1891	 -1
909	 1891	 1
879	 1892	 -1
880	 1892	 1
880	 1893	 -1
910	 1893	 1
880	 1894	 1
881	 1895	 1
881	 1896	 -1
911	 1896	 1
881	 1897	 -1
882	 1897	 1
882	 1898	 -1
912	 1898	 1
882	 1899	 -1
883	 1899	 1
883	 1900	 -1
913	 1900	 1
883	 1901	 -1
884	 1901	 1
884	 1902	 -1
914	 1902	 1
884	 1903	 -1
885	 1903	 1
885	 1904	 -1
915	 1904	 1
885	 1905	 -1
886	 1905	 1
886	 1906	 -1
916	 1906	 1
886	 1907	 -1
887	 1907	 1
887	 1908	 -1
917	 1908	 1
887	 1909	 -1
888	 1909	 1
888	 1910	 -1
918	 1910	 1
888	 1911	 -1
889	 1911	 1
889	 1912	 -1
919	 1912	 1
889	 1913	 -1
890	 1913	 1
890	 1914	 -1
920	 1914	 1
890	 1915	 -1
891	 1915	 1
891	 1916	 -1
921	 1916	 1
891	 1917	 -1
892	 1917	 1
893	 1918	 -1
923	 1918	 1
893	 1919	 -1
894	 1919	 1
894	 1920	 -1
924	 1920	 1
894	 1921	 -1
895	 1921	 1
895	 1922	 -1
925	 1922	 1
895	 1923	 -1
896	 1923	 1
896	 1924	 -1
926	 1924	 1
896	 1925	 -1
897	 1925	 1
897	 1926	 -1
927	 1926	 1
897	 1927	 -1
898	 1927	 1
898	 1928	 -1
928	 1928	 1
898	 1929	 -1
899	 1929	 1
899	 1930	 -1
929	 1930	 1
899	 1931	 -1
900	 1931	 1
900	 1932	 -1
930	 1932	 1
900	 1933	 -1
901	 1933	 1
901	 1934	 -1
931	 1934	 1
901	 1935	 -1
902	 1935	 1
902	 1936	 -1
932	 1936	 1
902	 1937	 -1
903	 1937	 1
903	 1938	 -1
933	 1938	 1
903	 1939	 -1
904	 1939	 1
904	 1940	 -1
934	 1940	 1
904	 1941	 -1
905	 1941	 1
906	 1942	 -1
935	 1942	 1
906	 1943	 -1
907	 1943	 1
907	 1944	 -1
936	 1944	 1
907	 1945	 -1
908	 1945	 1
908	 1946	 -1
937	 1946	 1
908	 1947	 -1
909	 1947	 1
909	 1948	 -1
938	 1948	 1
909	 1949	 -1
910	 1949	 1
910	 1950	 -1
939	 1950	 1
910	 1951	 1
911	 1952	 1
911	 1953	 -1
940	 1953	 1
911	 1954	 -1
912	 1954	 1
912	 1955	 -1
941	 1955	 1
912	 1956	 -1
913	 1956	 1
913	 1957	 -1
942	 1957	 1
913	 1958	 -1
914	 1958	 1
914	 1959	 -1
943	 1959	 1
914	 1960	 -1
915	 1960	 1
915	 1961	 -1
944	 1961	 1
915	 1962	 -1
916	 1962	 1
916	 1963	 -1
945	 1963	 1
916	 1964	 -1
917	 1964	 1
917	 1965	 -1
946	 1965	 1
917	 1966	 -1
918	 1966	 1
918	 1967	 -1
947	 1967	 1
918	 1968	 -1
919	 1968	 1
919	 1969	 -1
948	 1969	 1
919	 1970	 -1
920	 1970	 1
920	 1971	 -1
949	 1971	 1
920	 1972	 -1
921	 1972	 1
921	 1973	 -1
950	 1973	 1
922	 1974	 -1
951	 1974	 1
922	 1975	 -1
923	 1975	 1
923	 1976	 -1
952	 1976	 1
923	 1977	 -1
924	 1977	 1
924	 1978	 -1
953	 1978	 1
924	 1979	 -1
925	 1979	 1
925	 1980	 -1
954	 1980	 1
925	 1981	 -1
926	 1981	 1
926	 1982	 -1
955	 1982	 1
926	 1983	 -1
927	 1983	 1
927	 1984	 -1
956	 1984	 1
927	 1985	 -1
928	 1985	 1
928	 1986	 -1
957	 1986	 1
928	 1987	 -1
929	 1987	 1
929	 1988	 -1
958	 1988	 1
929	 1989	 -1
930	 1989	 1
930	 1990	 -1
959	 1990	 1
930	 1991	 -1
931	 1991	 1
931	 1992	 -1
960	 1992	 1
931	 1993	 -1
932	 1993	 1
932	 1994	 -1
933	 1994	 1
933	 1995	 -1
934	 1995	 1
935	 1996	 -1
962	 1996	 1
935	 1997	 -1
936	 1997	 1
936	 1998	 -1
963	 1998	 1
936	 1999	 -1
937	 1999	 1
937	 2000	 -1
964	 2000	 1
937	 2001	 -1
938	 2001	 1
938	 2002	 -1
965	 2002	 1
938	 2003	 -1
939	 2003	 1
939	 2004	 -1
966	 2004	 1
939	 2005	 1
940	 2006	 1
940	 2007	 -1
967	 2007	 1
940	 2008	 -1
941	 2008	 1
941	 2009	 -1
968	 2009	 1
941	 2010	 -1
942	 2010	 1
942	 2011	 -1
969	 2011	 1
942	 2012	 -1
943	 2012	 1
943	 2013	 -1
970	 2013	 1
943	 2014	 -1
944	 2014	 1
944	 2015	 -1
971	 2015	 1
944	 2016	 -1
945	 2016	 1
945	 2017	 -1
972	 2017	 1
945	 2018	 -1
946	 2018	 1
946	 2019	 -1
973	 2019	 1
946	 2020	 -1
947	 2020	 1
947	 2021	 -1
948	 2021	 1
948	 2022	 -1
974	 2022	 1
948	 2023	 -1
949	 2023	 1
949	 2024	 -1
975	 2024	 1
949	 2025	 -1
950	 2025	 1
951	 2026	 -1
976	 2026	 1
951	 2027	 -1
952	 2027	 1
952	 2028	 -1
977	 2028	 1
952	 2029	 -1
953	 2029	 1
953	 2030	 -1
978	 2030	 1
953	 2031	 -1
954	 2031	 1
954	 2032	 -1
979	 2032	 1
954	 2033	 -1
955	 2033	 1
955	 2034	 -1
980	 2034	 1
955	 2035	 -1
956	 2035	 1
956	 2036	 -1
981	 2036	 1
956	 2037	 -1
957	 2037	 1
957	 2038	 -1
982	 2038	 1
957	 2039	 -1
958	 2039	 1
958	 2040	 -1
959	 2040	 1
959	 2041	 -1
960	 2041	 1
961	 2042	 -1
985	 2042	 1
961	 2043	 -1
962	 2043	 1
962	 2044	 -1
986	 2044	 1
962	 2045	 -1
963	 2045	 1
963	 2046	 -1
987	 2046	 1
963	 2047	 -1
964	 2047	 1
964	 2048	 -1
988	 2048	 1
964	 2049	 -1
965	 2049	 1
965	 2050	 -1
989	 2050	 1
965	 2051	 -1
966	 2051	 1
966	 2052	 -1
990	 2052	 1
966	 2053	 1
967	 2054	 1
967	 2055	 -1
991	 2055	 1
967	 2056	 -1
968	 2056	 1
968	 2057	 -1
992	 2057	 1
968	 2058	 -1
969	 2058	 1
969	 2059	 -1
993	 2059	 1
969	 2060	 -1
970	 2060	 1
970	 2061	 -1
994	 2061	 1
970	 2062	 -1
971	 2062	 1
971	 2063	 -1
995	 2063	 1
971	 2064	 -1
972	 2064	 1
972	 2065	 -1
996	 2065	 1
972	 2066	 -1
973	 2066	 1
974	 2067	 -1
997	 2067	 1
974	 2068	 -1
975	 2068	 1
975	 2069	 -1
998	 2069	 1
976	 2070	 -1
1000	 2070	 1
976	 2071	 -1
977	 2071	 1
977	 2072	 -1
1001	 2072	 1
977	 2073	 -1
978	 2073	 1
978	 2074	 -1
1002	 2074	 1
978	 2075	 -1
979	 2075	 1
979	 2076	 -1
980	 2076	 1
980	 2077	 -1
981	 2077	 1
981	 2078	 -1
982	 2078	 1
983	 2079	 -1
1007	 2079	 1
984	 2080	 -1
1009	 2080	 1
984	 2081	 -1
985	 2081	 1
985	 2082	 -1
1010	 2082	 1
985	 2083	 -1
986	 2083	 1
986	 2084	 -1
1011	 2084	 1
986	 2085	 -1
987	 2085	 1
987	 2086	 -1
1012	 2086	 1
987	 2087	 -1
988	 2087	 1
988	 2088	 -1
1013	 2088	 1
988	 2089	 -1
989	 2089	 1
989	 2090	 -1
990	 2090	 1
990	 2091	 -1
1014	 2091	 1
990	 2092	 1
991	 2093	 1
991	 2094	 -1
1015	 2094	 1
991	 2095	 -1
992	 2095	 1
992	 2096	 -1
1016	 2096	 1
992	 2097	 -1
993	 2097	 1
993	 2098	 -1
1017	 2098	 1
993	 2099	 -1
994	 2099	 1
994	 2100	 -1
1018	 2100	 1
994	 2101	 -1
995	 2101	 1
995	 2102	 -1
1019	 2102	 1
995	 2103	 -1
996	 2103	 1
996	 2104	 -1
1020	 2104	 1
997	 2105	 -1
1022	 2105	 1
997	 2106	 -1
998	 2106	 1
999	 2107	 -1
1023	 2107	 1
999	 2108	 -1
1000	 2108	 1
1000	 2109	 -1
1001	 2109	 1
1001	 2110	 -1
1002	 2110	 1
1003	 2111	 -1
1027	 2111	 1
1003	 2112	 -1
1004	 2112	 1
1004	 2113	 -1
1028	 2113	 1
1004	 2114	 -1
1005	 2114	 1
1005	 2115	 -1
1029	 2115	 1
1005	 2116	 -1
1006	 2116	 1
1006	 2117	 -1
1030	 2117	 1
1006	 2118	 -1
1007	 2118	 1
1008	 2119	 -1
1031	 2119	 1
1008	 2120	 -1
1009	 2120	 1
1009	 2121	 -1
1032	 2121	 1
1009	 2122	 -1
1010	 2122	 1
1010	 2123	 -1
1033	 2123	 1
1010	 2124	 -1
1011	 2124	 1
1011	 2125	 -1
1034	 2125	 1
1011	 2126	 -1
1012	 2126	 1
1012	 2127	 -1
1035	 2127	 1
1012	 2128	 -1
1013	 2128	 1
1014	 2129	 -1
1036	 2129	 1
1014	 2130	 1
1015	 2131	 1
1015	 2132	 -1
1037	 2132	 1
1015	 2133	 -1
1016	 2133	 1
1016	 2134	 -1
1038	 2134	 1
1016	 2135	 -1
1017	 2135	 1
1017	 2136	 -1
1039	 2136	 1
1017	 2137	 -1
1018	 2137	 1
1018	 2138	 -1
1040	 2138	 1
1018	 2139	 -1
1019	 2139	 1
1019	 2140	 -1
1041	 2140	 1
1019	 2141	 -1
1020	 2141	 1
1020	 2142	 -1
1042	 2142	 1
1021	 2143	 -1
1043	 2143	 1
1021	 2144	 -1
1022	 2144	 1
1022	 2145	 -1
1044	 2145	 1
1024	 2146	 -1
1048	 2146	 1
1024	 2147	 -1
1025	 2147	 1
1025	 2148	 -1
1049	 2148	 1
1025	 2149	 -1
1026	 2149	 1
1026	 2150	 -1
1050	 2150	 1
1026	 2151	 -1
1027	 2151	 1
1027	 2152	 -1
1051	 2152	 1
1027	 2153	 -1
1028	 2153	 1
1028	 2154	 -1
1052	 2154	 1
1028	 2155	 -1
1029	 2155	 1
1029	 2156	 -1
1053	 2156	 1
1029	 2157	 -1
1030	 2157	 1
1030	 2158	 -1
1054	 2158	 1
1031	 2159	 -1
1056	 2159	 1
1031	 2160	 -1
1032	 2160	 1
1032	 2161	 -1
1057	 2161	 1
1032	 2162	 -1
1033	 2162	 1
1033	 2163	 -1
1058	 2163	 1
1033	 2164	 -1
1034	 2164	 1
1034	 2165	 -1
1059	 2165	 1
1034	 2166	 -1
1035	 2166	 1
1035	 2167	 -1
1060	 2167	 1
1036	 2168	 -1
1062	 2168	 1
1036	 2169	 1
1037	 2170	 1
1037	 2171	 -1
1063	 2171	 1
1037	 2172	 -1
1038	 2172	 1
1038	 2173	 -1
1064	 2173	 1
1038	 2174	 -1
1039	 2174	 1
1039	 2175	 -1
1065	 2175	 1
1039	 2176	 -1
1040	 2176	 1
1040	 2177	 -1
1066	 2177	 1
1040	 2178	 -1
1041	 2178	 1
1041	 2179	 -1
1067	 2179	 1
1041	 2180	 -1
1042	 2180	 1
1042	 2181	 -1
1292	 2181	 1
1043	 2182	 -1
1044	 2182	 1
1044	 2183	 -1
1296	 2183	 1
1044	 2184	 -1
1260	 2184	 1
1045	 2185	 -1
1071	 2185	 1
1045	 2186	 -1
1046	 2186	 1
1046	 2187	 -1
1072	 2187	 1
1046	 2188	 -1
1047	 2188	 1
1047	 2189	 -1
1073	 2189	 1
1047	 2190	 -1
1048	 2190	 1
1048	 2191	 -1
1074	 2191	 1
1048	 2192	 -1
1049	 2192	 1
1049	 2193	 -1
1075	 2193	 1
1049	 2194	 -1
1050	 2194	 1
1050	 2195	 -1
1076	 2195	 1
1050	 2196	 -1
1051	 2196	 1
1051	 2197	 -1
1077	 2197	 1
1051	 2198	 -1
1052	 2198	 1
1052	 2199	 -1
1078	 2199	 1
1052	 2200	 -1
1053	 2200	 1
1053	 2201	 -1
1079	 2201	 1
1053	 2202	 -1
1054	 2202	 1
1054	 2203	 -1
1080	 2203	 1
1055	 2204	 -1
1082	 2204	 1
1055	 2205	 -1
1056	 2205	 1
1056	 2206	 -1
1083	 2206	 1
1056	 2207	 -1
1057	 2207	 1
1057	 2208	 -1
1084	 2208	 1
1057	 2209	 -1
1058	 2209	 1
1058	 2210	 -1
1085	 2210	 1
1058	 2211	 -1
1059	 2211	 1
1059	 2212	 -1
1086	 2212	 1
1059	 2213	 -1
1060	 2213	 1
1061	 2214	 -1
1088	 2214	 1
1061	 2215	 -1
1062	 2215	 1
1062	 2216	 -1
1089	 2216	 1
1062	 2217	 1
1063	 2218	 1
1063	 2219	 -1
1090	 2219	 1
1063	 2220	 -1
1064	 2220	 1
1064	 2221	 -1
1091	 2221	 1
1064	 2222	 -1
1065	 2222	 1
1065	 2223	 -1
1092	 2223	 1
1065	 2224	 -1
1066	 2224	 1
1066	 2225	 -1
1093	 2225	 1
1066	 2226	 -1
1067	 2226	 1
1067	 2227	 -1
1094	 2227	 1
1067	 2228	 -1
1292	 2228	 1
1068	 2229	 -1
1098	 2229	 1
1068	 2230	 -1
1069	 2230	 1
1069	 2231	 -1
1099	 2231	 1
1069	 2232	 -1
1070	 2232	 1
1070	 2233	 -1
1100	 2233	 1
1070	 2234	 -1
1071	 2234	 1
1071	 2235	 -1
1101	 2235	 1
1071	 2236	 -1
1072	 2236	 1
1072	 2237	 -1
1102	 2237	 1
1072	 2238	 -1
1073	 2238	 1
1073	 2239	 -1
1103	 2239	 1
1073	 2240	 -1
1074	 2240	 1
1074	 2241	 -1
1104	 2241	 1
1074	 2242	 -1
1075	 2242	 1
1075	 2243	 -1
1105	 2243	 1
1075	 2244	 -1
1076	 2244	 1
1076	 2245	 -1
1106	 2245	 1
1076	 2246	 -1
1077	 2246	 1
1077	 2247	 -1
1107	 2247	 1
1077	 2248	 -1
1078	 2248	 1
1078	 2249	 -1
1108	 2249	 1
1078	 2250	 -1
1079	 2250	 1
1079	 2251	 -1
1109	 2251	 1
1079	 2252	 -1
1080	 2252	 1
1080	 2253	 -1
1110	 2253	 1
1080	 2254	 -1
1081	 2254	 1
1081	 2255	 -1
1111	 2255	 1
1081	 2256	 -1
1082	 2256	 1
1082	 2257	 -1
1112	 2257	 1
1082	 2258	 -1
1083	 2258	 1
1083	 2259	 -1
1113	 2259	 1
1083	 2260	 -1
1084	 2260	 1
1084	 2261	 -1
1114	 2261	 1
1084	 2262	 -1
1085	 2262	 1
1085	 2263	 -1
1115	 2263	 1
1085	 2264	 -1
1086	 2264	 1
1087	 2265	 -1
1116	 2265	 1
1087	 2266	 -1
1088	 2266	 1
1088	 2267	 -1
1117	 2267	 1
1088	 2268	 -1
1089	 2268	 1
1089	 2269	 -1
1118	 2269	 1
1089	 2270	 1
1090	 2271	 1
1090	 2272	 -1
1119	 2272	 1
1090	 2273	 -1
1091	 2273	 1
1091	 2274	 -1
1120	 2274	 1
1091	 2275	 -1
1092	 2275	 1
1092	 2276	 -1
1121	 2276	 1
1092	 2277	 -1
1093	 2277	 1
1093	 2278	 -1
1122	 2278	 1
1093	 2279	 -1
1094	 2279	 1
1094	 2280	 -1
1123	 2280	 1
1094	 2281	 1
1095	 2282	 -1
1254	 2282	 1
1095	 2283	 -1
1125	 2283	 1
1095	 2284	 -1
1096	 2284	 1
1096	 2285	 -1
1126	 2285	 1
1097	 2286	 -1
1128	 2286	 1
1097	 2287	 -1
1098	 2287	 1
1098	 2288	 -1
1129	 2288	 1
1098	 2289	 -1
1099	 2289	 1
1099	 2290	 -1
1130	 2290	 1
1099	 2291	 -1
1100	 2291	 1
1100	 2292	 -1
1131	 2292	 1
1100	 2293	 -1
1101	 2293	 1
1101	 2294	 -1
1132	 2294	 1
1101	 2295	 -1
1102	 2295	 1
1102	 2296	 -1
1133	 2296	 1
1102	 2297	 -1
1103	 2297	 1
1103	 2298	 -1
1134	 2298	 1
1103	 2299	 -1
1104	 2299	 1
1104	 2300	 -1
1135	 2300	 1
1104	 2301	 -1
1105	 2301	 1
1105	 2302	 -1
1136	 2302	 1
1105	 2303	 -1
1106	 2303	 1
1106	 2304	 -1
1137	 2304	 1
1106	 2305	 -1
1107	 2305	 1
1107	 2306	 -1
1138	 2306	 1
1107	 2307	 -1
1108	 2307	 1
1108	 2308	 -1
1139	 2308	 1
1108	 2309	 -1
1109	 2309	 1
1109	 2310	 -1
1140	 2310	 1
1109	 2311	 -1
1110	 2311	 1
1110	 2312	 -1
1141	 2312	 1
1110	 2313	 -1
1111	 2313	 1
1111	 2314	 -1
1142	 2314	 1
1111	 2315	 -1
1112	 2315	 1
1112	 2316	 -1
1143	 2316	 1
1112	 2317	 -1
1113	 2317	 1
1113	 2318	 -1
1144	 2318	 1
1113	 2319	 -1
1114	 2319	 1
1114	 2320	 -1
1145	 2320	 1
1114	 2321	 -1
1115	 2321	 1
1116	 2322	 -1
1147	 2322	 1
1116	 2323	 -1
1117	 2323	 1
1117	 2324	 -1
1148	 2324	 1
1117	 2325	 -1
1118	 2325	 1
1118	 2326	 -1
1149	 2326	 1
1118	 2327	 1
1119	 2328	 1
1119	 2329	 -1
1150	 2329	 1
1119	 2330	 -1
1120	 2330	 1
1120	 2331	 -1
1151	 2331	 1
1120	 2332	 -1
1121	 2332	 1
1121	 2333	 -1
1152	 2333	 1
1121	 2334	 -1
1122	 2334	 1
1122	 2335	 -1
1153	 2335	 1
1122	 2336	 -1
1123	 2336	 1
1123	 2337	 -1
1154	 2337	 1
1123	 2338	 -1
1124	 2338	 1
1124	 2339	 -1
1155	 2339	 1
1124	 2340	 -1
1125	 2340	 1
1124	 2341	 1
1125	 2342	 -1
1156	 2342	 1
1125	 2343	 -1
1126	 2343	 1
1126	 2344	 -1
1157	 2344	 1
1126	 2345	 -1
1127	 2345	 1
1127	 2346	 -1
1158	 2346	 1
1127	 2347	 -1
1128	 2347	 1
1128	 2348	 -1
1159	 2348	 1
1128	 2349	 -1
1129	 2349	 1
1129	 2350	 -1
1160	 2350	 1
1129	 2351	 -1
1130	 2351	 1
1130	 2352	 -1
1161	 2352	 1
1130	 2353	 -1
1131	 2353	 1
1131	 2354	 -1
1162	 2354	 1
1131	 2355	 -1
1132	 2355	 1
1132	 2356	 -1
1163	 2356	 1
1132	 2357	 -1
1133	 2357	 1
1133	 2358	 -1
1164	 2358	 1
1133	 2359	 -1
1134	 2359	 1
1134	 2360	 -1
1165	 2360	 1
1134	 2361	 -1
1135	 2361	 1
1135	 2362	 -1
1166	 2362	 1
1135	 2363	 -1
1136	 2363	 1
1136	 2364	 -1
1167	 2364	 1
1136	 2365	 -1
1137	 2365	 1
1137	 2366	 -1
1168	 2366	 1
1137	 2367	 -1
1138	 2367	 1
1138	 2368	 -1
1169	 2368	 1
1138	 2369	 -1
1139	 2369	 1
1139	 2370	 -1
1170	 2370	 1
1139	 2371	 -1
1140	 2371	 1
1140	 2372	 -1
1171	 2372	 1
1140	 2373	 -1
1141	 2373	 1
1141	 2374	 -1
1172	 2374	 1
1141	 2375	 -1
1142	 2375	 1
1142	 2376	 -1
1173	 2376	 1
1142	 2377	 -1
1143	 2377	 1
1143	 2378	 -1
1174	 2378	 1
1143	 2379	 -1
1144	 2379	 1
1144	 2380	 -1
1175	 2380	 1
1144	 2381	 -1
1145	 2381	 1
1145	 2382	 -1
1176	 2382	 1
1146	 2383	 -1
1178	 2383	 1
1146	 2384	 -1
1147	 2384	 1
1147	 2385	 -1
1179	 2385	 1
1147	 2386	 -1
1148	 2386	 1
1148	 2387	 -1
1180	 2387	 1
1148	 2388	 -1
1149	 2388	 1
1149	 2389	 -1
1181	 2389	 1
1149	 2390	 1
1150	 2391	 1
1150	 2392	 -1
1182	 2392	 1
1150	 2393	 -1
1151	 2393	 1
1151	 2394	 -1
1183	 2394	 1
1151	 2395	 -1
1152	 2395	 1
1152	 2396	 -1
1184	 2396	 1
1152	 2397	 -1
1153	 2397	 1
1153	 2398	 -1
1185	 2398	 1
1153	 2399	 -1
1154	 2399	 1
1154	 2400	 -1
1186	 2400	 1
1154	 2401	 -1
1155	 2401	 1
1155	 2402	 -1
1187	 2402	 1
1155	 2403	 -1
1156	 2403	 1
1156	 2404	 -1
1188	 2404	 1
1156	 2405	 -1
1157	 2405	 1
1157	 2406	 -1
1189	 2406	 1
1157	 2407	 -1
1158	 2407	 1
1158	 2408	 -1
1190	 2408	 1
1158	 2409	 -1
1159	 2409	 1
1159	 2410	 -1
1191	 2410	 1
1159	 2411	 -1
1160	 2411	 1
1160	 2412	 -1
1192	 2412	 1
1160	 2413	 -1
1161	 2413	 1
1161	 2414	 -1
1193	 2414	 1
1161	 2415	 -1
1162	 2415	 1
1162	 2416	 -1
1194	 2416	 1
1162	 2417	 -1
1163	 2417	 1
1163	 2418	 -1
1195	 2418	 1
1163	 2419	 -1
1164	 2419	 1
1164	 2420	 -1
1196	 2420	 1
1164	 2421	 -1
1165	 2421	 1
1165	 2422	 -1
1197	 2422	 1
1165	 2423	 -1
1166	 2423	 1
1166	 2424	 -1
1198	 2424	 1
1166	 2425	 -1
1167	 2425	 1
1167	 2426	 -1
1199	 2426	 1
1167	 2427	 -1
1168	 2427	 1
1168	 2428	 -1
1200	 2428	 1
1168	 2429	 -1
1169	 2429	 1
1169	 2430	 -1
1201	 2430	 1
1169	 2431	 -1
1170	 2431	 1
1170	 2432	 -1
1202	 2432	 1
1170	 2433	 -1
1171	 2433	 1
1171	 2434	 -1
1203	 2434	 1
1171	 2435	 -1
1172	 2435	 1
1172	 2436	 -1
1204	 2436	 1
1172	 2437	 -1
1173	 2437	 1
1173	 2438	 -1
1205	 2438	 1
1173	 2439	 -1
1174	 2439	 1
1174	 2440	 -1
1206	 2440	 1
1174	 2441	 -1
1175	 2441	 1
1175	 2442	 -1
1207	 2442	 1
1175	 2443	 -1
1176	 2443	 1
1177	 2444	 -1
1208	 2444	 1
1177	 2445	 -1
1178	 2445	 1
1178	 2446	 -1
1209	 2446	 1
1178	 2447	 -1
1179	 2447	 1
1179	 2448	 -1
1210	 2448	 1
1179	 2449	 -1
1180	 2449	 1
1180	 2450	 -1
1211	 2450	 1
1180	 2451	 -1
1181	 2451	 1
1181	 2452	 -1
1212	 2452	 1
1181	 2453	 1
1182	 2454	 1
1182	 2455	 -1
1213	 2455	 1
1182	 2456	 -1
1183	 2456	 1
1183	 2457	 -1
1214	 2457	 1
1183	 2458	 -1
1184	 2458	 1
1184	 2459	 -1
1215	 2459	 1
1184	 2460	 -1
1185	 2460	 1
1185	 2461	 -1
1216	 2461	 1
1185	 2462	 -1
1186	 2462	 1
1186	 2463	 -1
1217	 2463	 1
1186	 2464	 -1
1187	 2464	 1
1187	 2465	 -1
1218	 2465	 1
1187	 2466	 -1
1188	 2466	 1
1188	 2467	 -1
1219	 2467	 1
1188	 2468	 -1
1189	 2468	 1
1189	 2469	 -1
1220	 2469	 1
1189	 2470	 -1
1190	 2470	 1
1190	 2471	 -1
1221	 2471	 1
1190	 2472	 -1
1191	 2472	 1
1191	 2473	 -1
1222	 2473	 1
1191	 2474	 -1
1192	 2474	 1
1192	 2475	 -1
1223	 2475	 1
1192	 2476	 -1
1193	 2476	 1
1193	 2477	 -1
1224	 2477	 1
1193	 2478	 -1
1194	 2478	 1
1194	 2479	 -1
1225	 2479	 1
1194	 2480	 -1
1195	 2480	 1
1195	 2481	 -1
1226	 2481	 1
1195	 2482	 -1
1196	 2482	 1
1196	 2483	 -1
1227	 2483	 1
1196	 2484	 -1
1197	 2484	 1
1197	 2485	 -1
1228	 2485	 1
1197	 2486	 -1
1198	 2486	 1
1198	 2487	 -1
1229	 2487	 1
1198	 2488	 -1
1199	 2488	 1
1199	 2489	 -1
1230	 2489	 1
1199	 2490	 -1
1200	 2490	 1
1200	 2491	 -1
1231	 2491	 1
1200	 2492	 -1
1201	 2492	 1
1201	 2493	 -1
1232	 2493	 1
1201	 2494	 -1
1202	 2494	 1
1202	 2495	 -1
1233	 2495	 1
1202	 2496	 -1
1203	 2496	 1
1203	 2497	 -1
1234	 2497	 1
1203	 2498	 -1
1204	 2498	 1
1204	 2499	 -1
1235	 2499	 1
1204	 2500	 -1
1205	 2500	 1
1205	 2501	 -1
1236	 2501	 1
1205	 2502	 -1
1206	 2502	 1
1206	 2503	 -1
1237	 2503	 1
1206	 2504	 -1
1207	 2504	 1
1207	 2505	 -1
1238	 2505	 1
1208	 2506	 -1
1241	 2506	 1
1208	 2507	 -1
1209	 2507	 1
1209	 2508	 -1
1242	 2508	 1
1209	 2509	 -1
1210	 2509	 1
1210	 2510	 -1
1243	 2510	 1
1210	 2511	 -1
1211	 2511	 1
1211	 2512	 -1
1244	 2512	 1
1211	 2513	 -1
1212	 2513	 1
1212	 2514	 -1
1245	 2514	 1
1212	 2515	 1
1213	 2516	 1
1213	 2517	 1
1213	 2518	 -1
1214	 2518	 1
1214	 2519	 1
1214	 2520	 -1
1215	 2520	 1
1215	 2521	 1
1215	 2522	 -1
1216	 2522	 1
1216	 2523	 1
1216	 2524	 -1
1217	 2524	 1
1217	 2525	 1
1217	 2526	 -1
1218	 2526	 1
1218	 2527	 1
1218	 2528	 -1
1219	 2528	 1
1219	 2529	 1
1219	 2530	 -1
1220	 2530	 1
1220	 2531	 1
1220	 2532	 -1
1221	 2532	 1
1221	 2533	 1
1221	 2534	 -1
1222	 2534	 1
1222	 2535	 1
1222	 2536	 -1
1223	 2536	 1
1223	 2537	 1
1223	 2538	 -1
1224	 2538	 1
1224	 2539	 1
1224	 2540	 -1
1225	 2540	 1
1225	 2541	 1
1225	 2542	 -1
1226	 2542	 1
1226	 2543	 1
1226	 2544	 -1
1227	 2544	 1
1227	 2545	 1
1227	 2546	 -1
1228	 2546	 1
1228	 2547	 1
1228	 2548	 -1
1229	 2548	 1
1229	 2549	 1
1229	 2550	 -1
1230	 2550	 1
1230	 2551	 1
1230	 2552	 -1
1231	 2552	 1
1231	 2553	 1
1231	 2554	 -1
1232	 2554	 1
1232	 2555	 1
1232	 2556	 -1
1233	 2556	 1
1233	 2557	 1
1233	 2558	 -1
1234	 2558	 1
1234	 2559	 1
1234	 2560	 -1
1235	 2560	 1
1235	 2561	 1
1235	 2562	 -1
1236	 2562	 1
1236	 2563	 1
1236	 2564	 -1
1237	 2564	 1
1237	 2565	 1
1237	 2566	 -1
1238	 2566	 1
1238	 2567	 1
1238	 2568	 -1
1239	 2568	 1
1239	 2569	 1
1239	 2570	 -1
1240	 2570	 1
1240	 2571	 1
1240	 2572	 -1
1241	 2572	 1
1241	 2573	 1
1241	 2574	 -1
1242	 2574	 1
1242	 2575	 1
1242	 2576	 -1
1243	 2576	 1
1243	 2577	 1
1243	 2578	 -1
1244	 2578	 1
1244	 2579	 1
1244	 2580	 -1
1245	 2580	 1
1245	 2581	 1
1245	 2582	 1
1246	 2583	 -1
1275	 2583	 1
1246	 2584	 -1
1249	 2584	 1
1246	 2585	 -1
1247	 2585	 1
1247	 2586	 -1
1248	 2586	 1
1248	 2587	 -1
1249	 2587	 1
1248	 2588	 -1
1274	 2588	 1
1249	 2589	 -1
1273	 2589	 1
1250	 2590	 -1
1253	 2590	 1
1250	 2591	 -1
1251	 2591	 1
1250	 2592	 -1
1281	 2592	 1
1251	 2593	 -1
1252	 2593	 1
1252	 2594	 -1
1253	 2594	 1
1252	 2595	 -1
1280	 2595	 1
1253	 2596	 -1
1279	 2596	 1
1254	 2597	 -1
1255	 2597	 1
1254	 2598	 1
1254	 2599	 -1
1293	 2599	 1
1254	 2600	 -1
1257	 2600	 1
1255	 2601	 1
1255	 2602	 1
1255	 2603	 -1
1256	 2603	 1
1256	 2604	 1
1256	 2605	 -1
1257	 2605	 1
1256	 2606	 -1
1292	 2606	 1
1257	 2607	 -1
1291	 2607	 1
1258	 2608	 -1
1259	 2608	 1
1258	 2609	 -1
1261	 2609	 1
1259	 2610	 -1
1260	 2610	 1
1260	 2611	 -1
1261	 2611	 1
1262	 2612	 -1
1263	 2612	 1
1262	 2613	 -1
1265	 2613	 1
1263	 2614	 -1
1264	 2614	 1
1264	 2615	 -1
1265	 2615	 1
1266	 2616	 -1
1269	 2616	 1
1266	 2617	 -1
1267	 2617	 1
1266	 2618	 -1
1285	 2618	 1
1266	 2619	 -1
1284	 2619	 1
1267	 2620	 -1
1286	 2620	 1
1267	 2621	 -1
1268	 2621	 1
1268	 2622	 -1
1287	 2622	 1
1268	 2623	 -1
1269	 2623	 1
1268	 2624	 -1
1283	 2624	 1
1269	 2625	 -1
1282	 2625	 1
1270	 2626	 -1
1271	 2626	 1
1270	 2627	 -1
1272	 2627	 1
1273	 2628	 -1
1275	 2628	 1
1273	 2629	 -1
1276	 2629	 1
1273	 2630	 -1
1274	 2630	 1
1274	 2631	 -1
1277	 2631	 1
1275	 2632	 -1
1278	 2632	 1
1276	 2633	 -1
1278	 2633	 1
1276	 2634	 -1
1277	 2634	 1
1279	 2635	 -1
1280	 2635	 1
1279	 2636	 -1
1281	 2636	 1
1282	 2637	 -1
1283	 2637	 1
1282	 2638	 -1
1284	 2638	 1
1285	 2639	 -1
1286	 2639	 1
1286	 2640	 -1
1287	 2640	 1
1288	 2641	 -1
1289	 2641	 1
1289	 2642	 -1
1290	 2642	 1
1291	 2643	 -1
1293	 2643	 1
1291	 2644	 -1
1292	 2644	 1
1294	 2645	 -1
1295	 2645	 1
1295	 2646	 -1
1296	 2646	 1
