1	 0.000000e+00	 0.000000e+00
2	 3.030303e-02	 0.000000e+00
3	 6.060606e-02	 0.000000e+00
4	 9.090909e-02	 0.000000e+00
5	 1.212121e-01	 0.000000e+00
6	 1.515152e-01	 0.000000e+00
7	 1.818182e-01	 0.000000e+00
8	 2.121212e-01	 0.000000e+00
9	 2.424242e-01	 0.000000e+00
10	 2.727273e-01	 0.000000e+00
11	 3.030303e-01	 0.000000e+00
12	 3.333333e-01	 0.000000e+00
13	 3.636364e-01	 0.000000e+00
14	 3.939394e-01	 0.000000e+00
15	 4.242424e-01	 0.000000e+00
16	 4.545455e-01	 0.000000e+00
17	 4.848485e-01	 0.000000e+00
18	 5.151515e-01	 0.000000e+00
19	 5.454545e-01	 0.000000e+00
20	 5.757576e-01	 0.000000e+00
21	 6.060606e-01	 0.000000e+00
22	 6.363636e-01	 0.000000e+00
23	 6.666667e-01	 0.000000e+00
24	 6.969697e-01	 0.000000e+00
25	 7.272727e-01	 0.000000e+00
26	 7.575758e-01	 0.000000e+00
27	 7.878788e-01	 0.000000e+00
28	 8.181818e-01	 0.000000e+00
29	 8.484848e-01	 0.000000e+00
30	 8.787879e-01	 0.000000e+00
31	 9.090909e-01	 0.000000e+00
32	 9.393939e-01	 0.000000e+00
33	 9.696970e-01	 0.000000e+00
34	 1.000000e+00	 0.000000e+00
35	 0.000000e+00	 3.030303e-02
36	 3.030303e-02	 3.030303e-02
37	 6.060606e-02	 3.030303e-02
38	 9.090909e-02	 3.030303e-02
39	 1.212121e-01	 3.030303e-02
40	 1.515152e-01	 3.030303e-02
41	 1.818182e-01	 3.030303e-02
42	 2.121212e-01	 3.030303e-02
43	 2.424242e-01	 3.030303e-02
44	 2.727273e-01	 3.030303e-02
45	 3.030303e-01	 3.030303e-02
46	 3.333333e-01	 3.030303e-02
47	 3.636364e-01	 3.030303e-02
48	 3.939394e-01	 3.030303e-02
49	 4.242424e-01	 3.030303e-02
50	 4.545455e-01	 3.030303e-02
51	 4.848485e-01	 3.030303e-02
52	 5.151515e-01	 3.030303e-02
53	 5.454545e-01	 3.030303e-02
54	 5.757576e-01	 3.030303e-02
55	 6.060606e-01	 3.030303e-02
56	 6.363636e-01	 3.030303e-02
57	 6.666667e-01	 3.030303e-02
58	 6.969697e-01	 3.030303e-02
59	 7.272727e-01	 3.030303e-02
60	 7.575758e-01	 3.030303e-02
61	 7.878788e-01	 3.030303e-02
62	 8.181818e-01	 3.030303e-02
63	 8.484848e-01	 3.030303e-02
64	 8.787879e-01	 3.030303e-02
65	 9.090909e-01	 3.030303e-02
66	 9.393939e-01	 3.030303e-02
67	 9.696970e-01	 3.030303e-02
68	 1.000000e+00	 3.030303e-02
69	 0.000000e+00	 6.060606e-02
70	 3.030303e-02	 6.060606e-02
71	 6.060606e-02	 6.060606e-02
72	 9.090909e-02	 6.060606e-02
73	 1.212121e-01	 6.060606e-02
74	 1.515152e-01	 6.060606e-02
75	 1.818182e-01	 6.060606e-02
76	 2.121212e-01	 6.060606e-02
77	 2.424242e-01	 6.060606e-02
78	 2.727273e-01	 6.060606e-02
79	 3.030303e-01	 6.060606e-02
80	 3.333333e-01	 6.060606e-02
81	 3.636364e-01	 6.060606e-02
82	 3.939394e-01	 6.060606e-02
83	 4.242424e-01	 6.060606e-02
84	 4.545455e-01	 6.060606e-02
85	 4.848485e-01	 6.060606e-02
86	 5.151515e-01	 6.060606e-02
87	 5.454545e-01	 6.060606e-02
88	 5.757576e-01	 6.060606e-02
89	 6.060606e-01	 6.060606e-02
90	 6.363636e-01	 6.060606e-02
91	 6.666667e-01	 6.060606e-02
92	 6.969697e-01	 6.060606e-02
93	 7.272727e-01	 6.060606e-02
94	 7.575758e-01	 6.060606e-02
95	 7.878788e-01	 6.060606e-02
96	 8.181818e-01	 6.060606e-02
97	 8.484848e-01	 6.060606e-02
98	 8.787879e-01	 6.060606e-02
99	 9.090909e-01	 6.060606e-02
100	 9.393939e-01	 6.060606e-02
101	 9.696970e-01	 6.060606e-02
102	 1.000000e+00	 6.060606e-02
103	 0.000000e+00	 9.090909e-02
104	 3.030303e-02	 9.090909e-02
105	 6.060606e-02	 9.090909e-02
106	 9.090909e-02	 9.090909e-02
107	 1.212121e-01	 9.090909e-02
108	 1.515152e-01	 9.090909e-02
109	 1.818182e-01	 9.090909e-02
110	 2.121212e-01	 9.090909e-02
111	 2.424242e-01	 9.090909e-02
112	 2.727273e-01	 9.090909e-02
113	 3.030303e-01	 9.090909e-02
114	 3.333333e-01	 9.090909e-02
115	 3.636364e-01	 9.090909e-02
116	 3.939394e-01	 9.090909e-02
117	 4.242424e-01	 9.090909e-02
118	 4.545455e-01	 9.090909e-02
119	 4.848485e-01	 9.090909e-02
120	 5.151515e-01	 9.090909e-02
121	 5.454545e-01	 9.090909e-02
122	 5.757576e-01	 9.090909e-02
123	 6.060606e-01	 9.090909e-02
124	 6.363636e-01	 9.090909e-02
125	 6.666667e-01	 9.090909e-02
126	 6.969697e-01	 9.090909e-02
127	 7.272727e-01	 9.090909e-02
128	 7.575758e-01	 9.090909e-02
129	 7.878788e-01	 9.090909e-02
130	 8.181818e-01	 9.090909e-02
131	 8.484848e-01	 9.090909e-02
132	 8.787879e-01	 9.090909e-02
133	 9.090909e-01	 9.090909e-02
134	 9.393939e-01	 9.090909e-02
135	 9.696970e-01	 9.090909e-02
136	 1.000000e+00	 9.090909e-02
137	 0.000000e+00	 1.212121e-01
138	 3.030303e-02	 1.212121e-01
139	 6.060606e-02	 1.212121e-01
140	 9.090909e-02	 1.212121e-01
141	 1.212121e-01	 1.212121e-01
142	 1.515152e-01	 1.212121e-01
143	 1.818182e-01	 1.212121e-01
144	 2.121212e-01	 1.212121e-01
145	 2.424242e-01	 1.212121e-01
146	 2.727273e-01	 1.212121e-01
147	 3.030303e-01	 1.212121e-01
148	 3.333333e-01	 1.212121e-01
149	 3.636364e-01	 1.212121e-01
150	 3.939394e-01	 1.212121e-01
151	 4.242424e-01	 1.212121e-01
152	 4.545455e-01	 1.212121e-01
153	 4.848485e-01	 1.212121e-01
154	 5.151515e-01	 1.212121e-01
155	 5.454545e-01	 1.212121e-01
156	 5.757576e-01	 1.212121e-01
157	 6.060606e-01	 1.212121e-01
158	 6.363636e-01	 1.212121e-01
159	 6.666667e-01	 1.212121e-01
160	 6.969697e-01	 1.212121e-01
161	 7.272727e-01	 1.212121e-01
162	 7.575758e-01	 1.212121e-01
163	 7.878788e-01	 1.212121e-01
164	 8.181818e-01	 1.212121e-01
165	 8.484848e-01	 1.212121e-01
166	 8.787879e-01	 1.212121e-01
167	 9.090909e-01	 1.212121e-01
168	 9.393939e-01	 1.212121e-01
169	 9.696970e-01	 1.212121e-01
170	 1.000000e+00	 1.212121e-01
171	 0.000000e+00	 1.515152e-01
172	 3.030303e-02	 1.515152e-01
173	 6.060606e-02	 1.515152e-01
174	 9.090909e-02	 1.515152e-01
175	 1.212121e-01	 1.515152e-01
176	 1.515152e-01	 1.515152e-01
177	 1.818182e-01	 1.515152e-01
178	 2.121212e-01	 1.515152e-01
179	 2.424242e-01	 1.515152e-01
180	 2.727273e-01	 1.515152e-01
181	 3.030303e-01	 1.515152e-01
182	 3.333333e-01	 1.515152e-01
183	 3.636364e-01	 1.515152e-01
184	 3.939394e-01	 1.515152e-01
185	 4.242424e-01	 1.515152e-01
186	 4.545455e-01	 1.515152e-01
187	 4.848485e-01	 1.515152e-01
188	 5.151515e-01	 1.515152e-01
189	 5.454545e-01	 1.515152e-01
190	 5.757576e-01	 1.515152e-01
191	 6.060606e-01	 1.515152e-01
192	 6.363636e-01	 1.515152e-01
193	 6.666667e-01	 1.515152e-01
194	 6.969697e-01	 1.515152e-01
195	 7.272727e-01	 1.515152e-01
196	 7.575758e-01	 1.515152e-01
197	 7.878788e-01	 1.515152e-01
198	 8.181818e-01	 1.515152e-01
199	 8.484848e-01	 1.515152e-01
200	 8.787879e-01	 1.515152e-01
201	 9.090909e-01	 1.515152e-01
202	 9.393939e-01	 1.515152e-01
203	 9.696970e-01	 1.515152e-01
204	 1.000000e+00	 1.515152e-01
205	 0.000000e+00	 1.818182e-01
206	 3.030303e-02	 1.818182e-01
207	 6.060606e-02	 1.818182e-01
208	 9.090909e-02	 1.818182e-01
209	 1.212121e-01	 1.818182e-01
210	 1.515152e-01	 1.818182e-01
211	 1.818182e-01	 1.818182e-01
212	 2.121212e-01	 1.818182e-01
213	 2.424242e-01	 1.818182e-01
214	 2.727273e-01	 1.818182e-01
215	 3.030303e-01	 1.818182e-01
216	 3.333333e-01	 1.818182e-01
217	 3.636364e-01	 1.818182e-01
218	 3.939394e-01	 1.818182e-01
219	 4.242424e-01	 1.818182e-01
220	 4.545455e-01	 1.818182e-01
221	 4.848485e-01	 1.818182e-01
222	 5.151515e-01	 1.818182e-01
223	 5.454545e-01	 1.818182e-01
224	 5.757576e-01	 1.818182e-01
225	 6.060606e-01	 1.818182e-01
226	 6.363636e-01	 1.818182e-01
227	 6.666667e-01	 1.818182e-01
228	 6.969697e-01	 1.818182e-01
229	 7.272727e-01	 1.818182e-01
230	 7.575758e-01	 1.818182e-01
231	 7.878788e-01	 1.818182e-01
232	 8.181818e-01	 1.818182e-01
233	 8.484848e-01	 1.818182e-01
234	 8.787879e-01	 1.818182e-01
235	 9.090909e-01	 1.818182e-01
236	 9.393939e-01	 1.818182e-01
237	 9.696970e-01	 1.818182e-01
238	 1.000000e+00	 1.818182e-01
239	 0.000000e+00	 2.121212e-01
240	 3.030303e-02	 2.121212e-01
241	 6.060606e-02	 2.121212e-01
242	 9.090909e-02	 2.121212e-01
243	 1.212121e-01	 2.121212e-01
244	 1.515152e-01	 2.121212e-01
245	 1.818182e-01	 2.121212e-01
246	 2.121212e-01	 2.121212e-01
247	 2.424242e-01	 2.121212e-01
248	 2.727273e-01	 2.121212e-01
249	 3.030303e-01	 2.121212e-01
250	 3.333333e-01	 2.121212e-01
251	 3.636364e-01	 2.121212e-01
252	 3.939394e-01	 2.121212e-01
253	 4.242424e-01	 2.121212e-01
254	 4.545455e-01	 2.121212e-01
255	 4.848485e-01	 2.121212e-01
256	 5.151515e-01	 2.121212e-01
257	 5.454545e-01	 2.121212e-01
258	 5.757576e-01	 2.121212e-01
259	 6.060606e-01	 2.121212e-01
260	 6.363636e-01	 2.121212e-01
261	 6.666667e-01	 2.121212e-01
262	 6.969697e-01	 2.121212e-01
263	 7.272727e-01	 2.121212e-01
264	 7.575758e-01	 2.121212e-01
265	 7.878788e-01	 2.121212e-01
266	 8.181818e-01	 2.121212e-01
267	 8.484848e-01	 2.121212e-01
268	 8.787879e-01	 2.121212e-01
269	 9.090909e-01	 2.121212e-01
270	 9.393939e-01	 2.121212e-01
271	 9.696970e-01	 2.121212e-01
272	 1.000000e+00	 2.121212e-01
273	 0.000000e+00	 2.424242e-01
274	 3.030303e-02	 2.424242e-01
275	 6.060606e-02	 2.424242e-01
276	 9.090909e-02	 2.424242e-01
277	 1.212121e-01	 2.424242e-01
278	 1.515152e-01	 2.424242e-01
279	 1.818182e-01	 2.424242e-01
280	 2.121212e-01	 2.424242e-01
281	 2.424242e-01	 2.424242e-01
282	 2.727273e-01	 2.424242e-01
283	 3.030303e-01	 2.424242e-01
284	 3.333333e-01	 2.424242e-01
285	 3.636364e-01	 2.424242e-01
286	 3.939394e-01	 2.424242e-01
287	 4.242424e-01	 2.424242e-01
288	 4.545455e-01	 2.424242e-01
289	 4.848485e-01	 2.424242e-01
290	 5.151515e-01	 2.424242e-01
291	 5.454545e-01	 2.424242e-01
292	 5.757576e-01	 2.424242e-01
293	 6.060606e-01	 2.424242e-01
294	 6.363636e-01	 2.424242e-01
295	 6.666667e-01	 2.424242e-01
296	 6.969697e-01	 2.424242e-01
297	 7.272727e-01	 2.424242e-01
298	 7.575758e-01	 2.424242e-01
299	 7.878788e-01	 2.424242e-01
300	 8.181818e-01	 2.424242e-01
301	 8.484848e-01	 2.424242e-01
302	 8.787879e-01	 2.424242e-01
303	 9.090909e-01	 2.424242e-01
304	 9.393939e-01	 2.424242e-01
305	 9.696970e-01	 2.424242e-01
306	 1.000000e+00	 2.424242e-01
307	 0.000000e+00	 2.727273e-01
308	 3.030303e-02	 2.727273e-01
309	 6.060606e-02	 2.727273e-01
310	 9.090909e-02	 2.727273e-01
311	 1.212121e-01	 2.727273e-01
312	 1.515152e-01	 2.727273e-01
313	 1.818182e-01	 2.727273e-01
314	 2.121212e-01	 2.727273e-01
315	 2.424242e-01	 2.727273e-01
316	 2.727273e-01	 2.727273e-01
317	 3.030303e-01	 2.727273e-01
318	 3.333333e-01	 2.727273e-01
319	 3.636364e-01	 2.727273e-01
320	 3.939394e-01	 2.727273e-01
321	 4.242424e-01	 2.727273e-01
322	 4.545455e-01	 2.727273e-01
323	 4.848485e-01	 2.727273e-01
324	 5.151515e-01	 2.727273e-01
325	 5.454545e-01	 2.727273e-01
326	 5.757576e-01	 2.727273e-01
327	 6.060606e-01	 2.727273e-01
328	 6.363636e-01	 2.727273e-01
329	 6.666667e-01	 2.727273e-01
330	 6.969697e-01	 2.727273e-01
331	 7.272727e-01	 2.727273e-01
332	 7.575758e-01	 2.727273e-01
333	 7.878788e-01	 2.727273e-01
334	 8.181818e-01	 2.727273e-01
335	 8.484848e-01	 2.727273e-01
336	 8.787879e-01	 2.727273e-01
337	 9.090909e-01	 2.727273e-01
338	 9.393939e-01	 2.727273e-01
339	 9.696970e-01	 2.727273e-01
340	 1.000000e+00	 2.727273e-01
341	 0.000000e+00	 3.030303e-01
342	 3.030303e-02	 3.030303e-01
343	 6.060606e-02	 3.030303e-01
344	 9.090909e-02	 3.030303e-01
345	 1.212121e-01	 3.030303e-01
346	 1.515152e-01	 3.030303e-01
347	 1.818182e-01	 3.030303e-01
348	 2.121212e-01	 3.030303e-01
349	 2.424242e-01	 3.030303e-01
350	 2.727273e-01	 3.030303e-01
351	 3.030303e-01	 3.030303e-01
352	 3.333333e-01	 3.030303e-01
353	 3.636364e-01	 3.030303e-01
354	 3.939394e-01	 3.030303e-01
355	 4.242424e-01	 3.030303e-01
356	 4.545455e-01	 3.030303e-01
357	 4.848485e-01	 3.030303e-01
358	 5.151515e-01	 3.030303e-01
359	 5.454545e-01	 3.030303e-01
360	 5.757576e-01	 3.030303e-01
361	 6.060606e-01	 3.030303e-01
362	 6.363636e-01	 3.030303e-01
363	 6.666667e-01	 3.030303e-01
364	 6.969697e-01	 3.030303e-01
365	 7.272727e-01	 3.030303e-01
366	 7.575758e-01	 3.030303e-01
367	 7.878788e-01	 3.030303e-01
368	 8.181818e-01	 3.030303e-01
369	 8.484848e-01	 3.030303e-01
370	 8.787879e-01	 3.030303e-01
371	 9.090909e-01	 3.030303e-01
372	 9.393939e-01	 3.030303e-01
373	 9.696970e-01	 3.030303e-01
374	 1.000000e+00	 3.030303e-01
375	 0.000000e+00	 3.333333e-01
376	 3.030303e-02	 3.333333e-01
377	 6.060606e-02	 3.333333e-01
378	 9.090909e-02	 3.333333e-01
379	 1.212121e-01	 3.333333e-01
380	 1.515152e-01	 3.333333e-01
381	 1.818182e-01	 3.333333e-01
382	 2.121212e-01	 3.333333e-01
383	 2.424242e-01	 3.333333e-01
384	 2.727273e-01	 3.333333e-01
385	 3.030303e-01	 3.333333e-01
386	 3.333333e-01	 3.333333e-01
387	 3.636364e-01	 3.333333e-01
388	 3.939394e-01	 3.333333e-01
389	 4.242424e-01	 3.333333e-01
390	 4.545455e-01	 3.333333e-01
391	 4.848485e-01	 3.333333e-01
392	 5.151515e-01	 3.333333e-01
393	 5.454545e-01	 3.333333e-01
394	 5.757576e-01	 3.333333e-01
395	 6.060606e-01	 3.333333e-01
396	 6.363636e-01	 3.333333e-01
397	 6.666667e-01	 3.333333e-01
398	 6.969697e-01	 3.333333e-01
399	 7.272727e-01	 3.333333e-01
400	 7.575758e-01	 3.333333e-01
401	 7.878788e-01	 3.333333e-01
402	 8.181818e-01	 3.333333e-01
403	 8.484848e-01	 3.333333e-01
404	 8.787879e-01	 3.333333e-01
405	 9.090909e-01	 3.333333e-01
406	 9.393939e-01	 3.333333e-01
407	 9.696970e-01	 3.333333e-01
408	 1.000000e+00	 3.333333e-01
409	 0.000000e+00	 3.636364e-01
410	 3.030303e-02	 3.636364e-01
411	 6.060606e-02	 3.636364e-01
412	 9.090909e-02	 3.636364e-01
413	 1.212121e-01	 3.636364e-01
414	 1.515152e-01	 3.636364e-01
415	 1.818182e-01	 3.636364e-01
416	 2.121212e-01	 3.636364e-01
417	 2.424242e-01	 3.636364e-01
418	 2.727273e-01	 3.636364e-01
419	 3.030303e-01	 3.636364e-01
420	 3.333333e-01	 3.636364e-01
421	 3.636364e-01	 3.636364e-01
422	 3.939394e-01	 3.636364e-01
423	 4.242424e-01	 3.636364e-01
424	 4.545455e-01	 3.636364e-01
425	 4.848485e-01	 3.636364e-01
426	 5.151515e-01	 3.636364e-01
427	 5.454545e-01	 3.636364e-01
428	 5.757576e-01	 3.636364e-01
429	 6.060606e-01	 3.636364e-01
430	 6.363636e-01	 3.636364e-01
431	 6.666667e-01	 3.636364e-01
432	 6.969697e-01	 3.636364e-01
433	 7.272727e-01	 3.636364e-01
434	 7.575758e-01	 3.636364e-01
435	 7.878788e-01	 3.636364e-01
436	 8.181818e-01	 3.636364e-01
437	 8.484848e-01	 3.636364e-01
438	 8.787879e-01	 3.636364e-01
439	 9.090909e-01	 3.636364e-01
440	 9.393939e-01	 3.636364e-01
441	 9.696970e-01	 3.636364e-01
442	 1.000000e+00	 3.636364e-01
443	 0.000000e+00	 3.939394e-01
444	 3.030303e-02	 3.939394e-01
445	 6.060606e-02	 3.939394e-01
446	 9.090909e-02	 3.939394e-01
447	 1.212121e-01	 3.939394e-01
448	 1.515152e-01	 3.939394e-01
449	 1.818182e-01	 3.939394e-01
450	 2.121212e-01	 3.939394e-01
451	 2.424242e-01	 3.939394e-01
452	 2.727273e-01	 3.939394e-01
453	 3.030303e-01	 3.939394e-01
454	 3.333333e-01	 3.939394e-01
455	 3.636364e-01	 3.939394e-01
456	 3.939394e-01	 3.939394e-01
457	 4.242424e-01	 3.939394e-01
458	 4.545455e-01	 3.939394e-01
459	 4.848485e-01	 3.939394e-01
460	 5.151515e-01	 3.939394e-01
461	 5.454545e-01	 3.939394e-01
462	 5.757576e-01	 3.939394e-01
463	 6.060606e-01	 3.939394e-01
464	 6.363636e-01	 3.939394e-01
465	 6.666667e-01	 3.939394e-01
466	 6.969697e-01	 3.939394e-01
467	 7.272727e-01	 3.939394e-01
468	 7.575758e-01	 3.939394e-01
469	 7.878788e-01	 3.939394e-01
470	 8.181818e-01	 3.939394e-01
471	 8.484848e-01	 3.939394e-01
472	 8.787879e-01	 3.939394e-01
473	 9.090909e-01	 3.939394e-01
474	 9.393939e-01	 3.939394e-01
475	 9.696970e-01	 3.939394e-01
476	 1.000000e+00	 3.939394e-01
477	 0.000000e+00	 4.242424e-01
478	 3.030303e-02	 4.242424e-01
479	 6.060606e-02	 4.242424e-01
480	 9.090909e-02	 4.242424e-01
481	 1.212121e-01	 4.242424e-01
482	 1.515152e-01	 4.242424e-01
483	 1.818182e-01	 4.242424e-01
484	 2.121212e-01	 4.242424e-01
485	 2.424242e-01	 4.242424e-01
486	 2.727273e-01	 4.242424e-01
487	 3.030303e-01	 4.242424e-01
488	 3.333333e-01	 4.242424e-01
489	 3.636364e-01	 4.242424e-01
490	 3.939394e-01	 4.242424e-01
491	 4.242424e-01	 4.242424e-01
492	 4.545455e-01	 4.242424e-01
493	 4.848485e-01	 4.242424e-01
494	 5.151515e-01	 4.242424e-01
495	 5.454545e-01	 4.242424e-01
496	 5.757576e-01	 4.242424e-01
497	 6.060606e-01	 4.242424e-01
498	 6.363636e-01	 4.242424e-01
499	 6.666667e-01	 4.242424e-01
500	 6.969697e-01	 4.242424e-01
501	 7.272727e-01	 4.242424e-01
502	 7.575758e-01	 4.242424e-01
503	 7.878788e-01	 4.242424e-01
504	 8.181818e-01	 4.242424e-01
505	 8.484848e-01	 4.242424e-01
506	 8.787879e-01	 4.242424e-01
507	 9.090909e-01	 4.242424e-01
508	 9.393939e-01	 4.242424e-01
509	 9.696970e-01	 4.242424e-01
510	 1.000000e+00	 4.242424e-01
511	 0.000000e+00	 4.545455e-01
512	 3.030303e-02	 4.545455e-01
513	 6.060606e-02	 4.545455e-01
514	 9.090909e-02	 4.545455e-01
515	 1.212121e-01	 4.545455e-01
516	 1.515152e-01	 4.545455e-01
517	 1.818182e-01	 4.545455e-01
518	 2.121212e-01	 4.545455e-01
519	 2.424242e-01	 4.545455e-01
520	 2.727273e-01	 4.545455e-01
521	 3.030303e-01	 4.545455e-01
522	 3.333333e-01	 4.545455e-01
523	 3.636364e-01	 4.545455e-01
524	 3.939394e-01	 4.545455e-01
525	 4.242424e-01	 4.545455e-01
526	 4.545455e-01	 4.545455e-01
527	 4.848485e-01	 4.545455e-01
528	 5.151515e-01	 4.545455e-01
529	 5.454545e-01	 4.545455e-01
530	 5.757576e-01	 4.545455e-01
531	 6.060606e-01	 4.545455e-01
532	 6.363636e-01	 4.545455e-01
533	 6.666667e-01	 4.545455e-01
534	 6.969697e-01	 4.545455e-01
535	 7.272727e-01	 4.545455e-01
536	 7.575758e-01	 4.545455e-01
537	 7.878788e-01	 4.545455e-01
538	 8.181818e-01	 4.545455e-01
539	 8.484848e-01	 4.545455e-01
540	 8.787879e-01	 4.545455e-01
541	 9.090909e-01	 4.545455e-01
542	 9.393939e-01	 4.545455e-01
543	 9.696970e-01	 4.545455e-01
544	 1.000000e+00	 4.545455e-01
545	 0.000000e+00	 4.848485e-01
546	 3.030303e-02	 4.848485e-01
547	 6.060606e-02	 4.848485e-01
548	 9.090909e-02	 4.848485e-01
549	 1.212121e-01	 4.848485e-01
550	 1.515152e-01	 4.848485e-01
551	 1.818182e-01	 4.848485e-01
552	 2.121212e-01	 4.848485e-01
553	 2.424242e-01	 4.848485e-01
554	 2.727273e-01	 4.848485e-01
555	 3.030303e-01	 4.848485e-01
556	 3.333333e-01	 4.848485e-01
557	 3.636364e-01	 4.848485e-01
558	 3.939394e-01	 4.848485e-01
559	 4.242424e-01	 4.848485e-01
560	 4.545455e-01	 4.848485e-01
561	 4.848485e-01	 4.848485e-01
562	 5.151515e-01	 4.848485e-01
563	 5.454545e-01	 4.848485e-01
564	 5.757576e-01	 4.848485e-01
565	 6.060606e-01	 4.848485e-01
566	 6.363636e-01	 4.848485e-01
567	 6.666667e-01	 4.848485e-01
568	 6.969697e-01	 4.848485e-01
569	 7.272727e-01	 4.848485e-01
570	 7.575758e-01	 4.848485e-01
571	 7.878788e-01	 4.848485e-01
572	 8.181818e-01	 4.848485e-01
573	 8.484848e-01	 4.848485e-01
574	 8.787879e-01	 4.848485e-01
575	 9.090909e-01	 4.848485e-01
576	 9.393939e-01	 4.848485e-01
577	 9.696970e-01	 4.848485e-01
578	 1.000000e+00	 4.848485e-01
579	 0.000000e+00	 5.151515e-01
580	 3.030303e-02	 5.151515e-01
581	 6.060606e-02	 5.151515e-01
582	 9.090909e-02	 5.151515e-01
583	 1.212121e-01	 5.151515e-01
584	 1.515152e-01	 5.151515e-01
585	 1.818182e-01	 5.151515e-01
586	 2.121212e-01	 5.151515e-01
587	 2.424242e-01	 5.151515e-01
588	 2.727273e-01	 5.151515e-01
589	 3.030303e-01	 5.151515e-01
590	 3.333333e-01	 5.151515e-01
591	 3.636364e-01	 5.151515e-01
592	 3.939394e-01	 5.151515e-01
593	 4.242424e-01	 5.151515e-01
594	 4.545455e-01	 5.151515e-01
595	 4.848485e-01	 5.151515e-01
596	 5.151515e-01	 5.151515e-01
597	 5.454545e-01	 5.151515e-01
598	 5.757576e-01	 5.151515e-01
599	 6.060606e-01	 5.151515e-01
600	 6.363636e-01	 5.151515e-01
601	 6.666667e-01	 5.151515e-01
602	 6.969697e-01	 5.151515e-01
603	 7.272727e-01	 5.151515e-01
604	 7.575758e-01	 5.151515e-01
605	 7.878788e-01	 5.151515e-01
606	 8.181818e-01	 5.151515e-01
607	 8.484848e-01	 5.151515e-01
608	 8.787879e-01	 5.151515e-01
609	 9.090909e-01	 5.151515e-01
610	 9.393939e-01	 5.151515e-01
611	 9.696970e-01	 5.151515e-01
612	 1.000000e+00	 5.151515e-01
613	 0.000000e+00	 5.454545e-01
614	 3.030303e-02	 5.454545e-01
615	 6.060606e-02	 5.454545e-01
616	 9.090909e-02	 5.454545e-01
617	 1.212121e-01	 5.454545e-01
618	 1.515152e-01	 5.454545e-01
619	 1.818182e-01	 5.454545e-01
620	 2.121212e-01	 5.454545e-01
621	 2.424242e-01	 5.454545e-01
622	 2.727273e-01	 5.454545e-01
623	 3.030303e-01	 5.454545e-01
624	 3.333333e-01	 5.454545e-01
625	 3.636364e-01	 5.454545e-01
626	 3.939394e-01	 5.454545e-01
627	 4.242424e-01	 5.454545e-01
628	 4.545455e-01	 5.454545e-01
629	 4.848485e-01	 5.454545e-01
630	 5.151515e-01	 5.454545e-01
631	 5.454545e-01	 5.454545e-01
632	 5.757576e-01	 5.454545e-01
633	 6.060606e-01	 5.454545e-01
634	 6.363636e-01	 5.454545e-01
635	 6.666667e-01	 5.454545e-01
636	 6.969697e-01	 5.454545e-01
637	 7.272727e-01	 5.454545e-01
638	 7.575758e-01	 5.454545e-01
639	 7.878788e-01	 5.454545e-01
640	 8.181818e-01	 5.454545e-01
641	 8.484848e-01	 5.454545e-01
642	 8.787879e-01	 5.454545e-01
643	 9.090909e-01	 5.454545e-01
644	 9.393939e-01	 5.454545e-01
645	 9.696970e-01	 5.454545e-01
646	 1.000000e+00	 5.454545e-01
647	 0.000000e+00	 5.757576e-01
648	 3.030303e-02	 5.757576e-01
649	 6.060606e-02	 5.757576e-01
650	 9.090909e-02	 5.757576e-01
651	 1.212121e-01	 5.757576e-01
652	 1.515152e-01	 5.757576e-01
653	 1.818182e-01	 5.757576e-01
654	 2.121212e-01	 5.757576e-01
655	 2.424242e-01	 5.757576e-01
656	 2.727273e-01	 5.757576e-01
657	 3.030303e-01	 5.757576e-01
658	 3.333333e-01	 5.757576e-01
659	 3.636364e-01	 5.757576e-01
660	 3.939394e-01	 5.757576e-01
661	 4.242424e-01	 5.757576e-01
662	 4.545455e-01	 5.757576e-01
663	 4.848485e-01	 5.757576e-01
664	 5.151515e-01	 5.757576e-01
665	 5.454545e-01	 5.757576e-01
666	 5.757576e-01	 5.757576e-01
667	 6.060606e-01	 5.757576e-01
668	 6.363636e-01	 5.757576e-01
669	 6.666667e-01	 5.757576e-01
670	 6.969697e-01	 5.757576e-01
671	 7.272727e-01	 5.757576e-01
672	 7.575758e-01	 5.757576e-01
673	 7.878788e-01	 5.757576e-01
674	 8.181818e-01	 5.757576e-01
675	 8.484848e-01	 5.757576e-01
676	 8.787879e-01	 5.757576e-01
677	 9.090909e-01	 5.757576e-01
678	 9.393939e-01	 5.757576e-01
679	 9.696970e-01	 5.757576e-01
680	 1.000000e+00	 5.757576e-01
681	 0.000000e+00	 6.060606e-01
682	 3.030303e-02	 6.060606e-01
683	 6.060606e-02	 6.060606e-01
684	 9.090909e-02	 6.060606e-01
685	 1.212121e-01	 6.060606e-01
686	 1.515152e-01	 6.060606e-01
687	 1.818182e-01	 6.060606e-01
688	 2.121212e-01	 6.060606e-01
689	 2.424242e-01	 6.060606e-01
690	 2.727273e-01	 6.060606e-01
691	 3.030303e-01	 6.060606e-01
692	 3.333333e-01	 6.060606e-01
693	 3.636364e-01	 6.060606e-01
694	 3.939394e-01	 6.060606e-01
695	 4.242424e-01	 6.060606e-01
696	 4.545455e-01	 6.060606e-01
697	 4.848485e-01	 6.060606e-01
698	 5.151515e-01	 6.060606e-01
699	 5.454545e-01	 6.060606e-01
700	 5.757576e-01	 6.060606e-01
701	 6.060606e-01	 6.060606e-01
702	 6.363636e-01	 6.060606e-01
703	 6.666667e-01	 6.060606e-01
704	 6.969697e-01	 6.060606e-01
705	 7.272727e-01	 6.060606e-01
706	 7.575758e-01	 6.060606e-01
707	 7.878788e-01	 6.060606e-01
708	 8.181818e-01	 6.060606e-01
709	 8.484848e-01	 6.060606e-01
710	 8.787879e-01	 6.060606e-01
711	 9.090909e-01	 6.060606e-01
712	 9.393939e-01	 6.060606e-01
713	 9.696970e-01	 6.060606e-01
714	 1.000000e+00	 6.060606e-01
715	 0.000000e+00	 6.363636e-01
716	 3.030303e-02	 6.363636e-01
717	 6.060606e-02	 6.363636e-01
718	 9.090909e-02	 6.363636e-01
719	 1.212121e-01	 6.363636e-01
720	 1.515152e-01	 6.363636e-01
721	 1.818182e-01	 6.363636e-01
722	 2.121212e-01	 6.363636e-01
723	 2.424242e-01	 6.363636e-01
724	 2.727273e-01	 6.363636e-01
725	 3.030303e-01	 6.363636e-01
726	 3.333333e-01	 6.363636e-01
727	 3.636364e-01	 6.363636e-01
728	 3.939394e-01	 6.363636e-01
729	 4.242424e-01	 6.363636e-01
730	 4.545455e-01	 6.363636e-01
731	 4.848485e-01	 6.363636e-01
732	 5.151515e-01	 6.363636e-01
733	 5.454545e-01	 6.363636e-01
734	 5.757576e-01	 6.363636e-01
735	 6.060606e-01	 6.363636e-01
736	 6.363636e-01	 6.363636e-01
737	 6.666667e-01	 6.363636e-01
738	 6.969697e-01	 6.363636e-01
739	 7.272727e-01	 6.363636e-01
740	 7.575758e-01	 6.363636e-01
741	 7.878788e-01	 6.363636e-01
742	 8.181818e-01	 6.363636e-01
743	 8.484848e-01	 6.363636e-01
744	 8.787879e-01	 6.363636e-01
745	 9.090909e-01	 6.363636e-01
746	 9.393939e-01	 6.363636e-01
747	 9.696970e-01	 6.363636e-01
748	 1.000000e+00	 6.363636e-01
749	 0.000000e+00	 6.666667e-01
750	 3.030303e-02	 6.666667e-01
751	 6.060606e-02	 6.666667e-01
752	 9.090909e-02	 6.666667e-01
753	 1.212121e-01	 6.666667e-01
754	 1.515152e-01	 6.666667e-01
755	 1.818182e-01	 6.666667e-01
756	 2.121212e-01	 6.666667e-01
757	 2.424242e-01	 6.666667e-01
758	 2.727273e-01	 6.666667e-01
759	 3.030303e-01	 6.666667e-01
760	 3.333333e-01	 6.666667e-01
761	 3.636364e-01	 6.666667e-01
762	 3.939394e-01	 6.666667e-01
763	 4.242424e-01	 6.666667e-01
764	 4.545455e-01	 6.666667e-01
765	 4.848485e-01	 6.666667e-01
766	 5.151515e-01	 6.666667e-01
767	 5.454545e-01	 6.666667e-01
768	 5.757576e-01	 6.666667e-01
769	 6.060606e-01	 6.666667e-01
770	 6.363636e-01	 6.666667e-01
771	 6.666667e-01	 6.666667e-01
772	 6.969697e-01	 6.666667e-01
773	 7.272727e-01	 6.666667e-01
774	 7.575758e-01	 6.666667e-01
775	 7.878788e-01	 6.666667e-01
776	 8.181818e-01	 6.666667e-01
777	 8.484848e-01	 6.666667e-01
778	 8.787879e-01	 6.666667e-01
779	 9.090909e-01	 6.666667e-01
780	 9.393939e-01	 6.666667e-01
781	 9.696970e-01	 6.666667e-01
782	 1.000000e+00	 6.666667e-01
783	 0.000000e+00	 6.969697e-01
784	 3.030303e-02	 6.969697e-01
785	 6.060606e-02	 6.969697e-01
786	 9.090909e-02	 6.969697e-01
787	 1.212121e-01	 6.969697e-01
788	 1.515152e-01	 6.969697e-01
789	 1.818182e-01	 6.969697e-01
790	 2.121212e-01	 6.969697e-01
791	 2.424242e-01	 6.969697e-01
792	 2.727273e-01	 6.969697e-01
793	 3.030303e-01	 6.969697e-01
794	 3.333333e-01	 6.969697e-01
795	 3.636364e-01	 6.969697e-01
796	 3.939394e-01	 6.969697e-01
797	 4.242424e-01	 6.969697e-01
798	 4.545455e-01	 6.969697e-01
799	 4.848485e-01	 6.969697e-01
800	 5.151515e-01	 6.969697e-01
801	 5.454545e-01	 6.969697e-01
802	 5.757576e-01	 6.969697e-01
803	 6.060606e-01	 6.969697e-01
804	 6.363636e-01	 6.969697e-01
805	 6.666667e-01	 6.969697e-01
806	 6.969697e-01	 6.969697e-01
807	 7.272727e-01	 6.969697e-01
808	 7.575758e-01	 6.969697e-01
809	 7.878788e-01	 6.969697e-01
810	 8.181818e-01	 6.969697e-01
811	 8.484848e-01	 6.969697e-01
812	 8.787879e-01	 6.969697e-01
813	 9.090909e-01	 6.969697e-01
814	 9.393939e-01	 6.969697e-01
815	 9.696970e-01	 6.969697e-01
816	 1.000000e+00	 6.969697e-01
817	 0.000000e+00	 7.272727e-01
818	 3.030303e-02	 7.272727e-01
819	 6.060606e-02	 7.272727e-01
820	 9.090909e-02	 7.272727e-01
821	 1.212121e-01	 7.272727e-01
822	 1.515152e-01	 7.272727e-01
823	 1.818182e-01	 7.272727e-01
824	 2.121212e-01	 7.272727e-01
825	 2.424242e-01	 7.272727e-01
826	 2.727273e-01	 7.272727e-01
827	 3.030303e-01	 7.272727e-01
828	 3.333333e-01	 7.272727e-01
829	 3.636364e-01	 7.272727e-01
830	 3.939394e-01	 7.272727e-01
831	 4.242424e-01	 7.272727e-01
832	 4.545455e-01	 7.272727e-01
833	 4.848485e-01	 7.272727e-01
834	 5.151515e-01	 7.272727e-01
835	 5.454545e-01	 7.272727e-01
836	 5.757576e-01	 7.272727e-01
837	 6.060606e-01	 7.272727e-01
838	 6.363636e-01	 7.272727e-01
839	 6.666667e-01	 7.272727e-01
840	 6.969697e-01	 7.272727e-01
841	 7.272727e-01	 7.272727e-01
842	 7.575758e-01	 7.272727e-01
843	 7.878788e-01	 7.272727e-01
844	 8.181818e-01	 7.272727e-01
845	 8.484848e-01	 7.272727e-01
846	 8.787879e-01	 7.272727e-01
847	 9.090909e-01	 7.272727e-01
848	 9.393939e-01	 7.272727e-01
849	 9.696970e-01	 7.272727e-01
850	 1.000000e+00	 7.272727e-01
851	 0.000000e+00	 7.575758e-01
852	 3.030303e-02	 7.575758e-01
853	 6.060606e-02	 7.575758e-01
854	 9.090909e-02	 7.575758e-01
855	 1.212121e-01	 7.575758e-01
856	 1.515152e-01	 7.575758e-01
857	 1.818182e-01	 7.575758e-01
858	 2.121212e-01	 7.575758e-01
859	 2.424242e-01	 7.575758e-01
860	 2.727273e-01	 7.575758e-01
861	 3.030303e-01	 7.575758e-01
862	 3.333333e-01	 7.575758e-01
863	 3.636364e-01	 7.575758e-01
864	 3.939394e-01	 7.575758e-01
865	 4.242424e-01	 7.575758e-01
866	 4.545455e-01	 7.575758e-01
867	 4.848485e-01	 7.575758e-01
868	 5.151515e-01	 7.575758e-01
869	 5.454545e-01	 7.575758e-01
870	 5.757576e-01	 7.575758e-01
871	 6.060606e-01	 7.575758e-01
872	 6.363636e-01	 7.575758e-01
873	 6.666667e-01	 7.575758e-01
874	 6.969697e-01	 7.575758e-01
875	 7.272727e-01	 7.575758e-01
876	 7.575758e-01	 7.575758e-01
877	 7.878788e-01	 7.575758e-01
878	 8.181818e-01	 7.575758e-01
879	 8.484848e-01	 7.575758e-01
880	 8.787879e-01	 7.575758e-01
881	 9.090909e-01	 7.575758e-01
882	 9.393939e-01	 7.575758e-01
883	 9.696970e-01	 7.575758e-01
884	 1.000000e+00	 7.575758e-01
885	 0.000000e+00	 7.878788e-01
886	 3.030303e-02	 7.878788e-01
887	 6.060606e-02	 7.878788e-01
888	 9.090909e-02	 7.878788e-01
889	 1.212121e-01	 7.878788e-01
890	 1.515152e-01	 7.878788e-01
891	 1.818182e-01	 7.878788e-01
892	 2.121212e-01	 7.878788e-01
893	 2.424242e-01	 7.878788e-01
894	 2.727273e-01	 7.878788e-01
895	 3.030303e-01	 7.878788e-01
896	 3.333333e-01	 7.878788e-01
897	 3.636364e-01	 7.878788e-01
898	 3.939394e-01	 7.878788e-01
899	 4.242424e-01	 7.878788e-01
900	 4.545455e-01	 7.878788e-01
901	 4.848485e-01	 7.878788e-01
902	 5.151515e-01	 7.878788e-01
903	 5.454545e-01	 7.878788e-01
904	 5.757576e-01	 7.878788e-01
905	 6.060606e-01	 7.878788e-01
906	 6.363636e-01	 7.878788e-01
907	 6.666667e-01	 7.878788e-01
908	 6.969697e-01	 7.878788e-01
909	 7.272727e-01	 7.878788e-01
910	 7.575758e-01	 7.878788e-01
911	 7.878788e-01	 7.878788e-01
912	 8.181818e-01	 7.878788e-01
913	 8.484848e-01	 7.878788e-01
914	 8.787879e-01	 7.878788e-01
915	 9.090909e-01	 7.878788e-01
916	 9.393939e-01	 7.878788e-01
917	 9.696970e-01	 7.878788e-01
918	 1.000000e+00	 7.878788e-01
919	 0.000000e+00	 8.181818e-01
920	 3.030303e-02	 8.181818e-01
921	 6.060606e-02	 8.181818e-01
922	 9.090909e-02	 8.181818e-01
923	 1.212121e-01	 8.181818e-01
924	 1.515152e-01	 8.181818e-01
925	 1.818182e-01	 8.181818e-01
926	 2.121212e-01	 8.181818e-01
927	 2.424242e-01	 8.181818e-01
928	 2.727273e-01	 8.181818e-01
929	 3.030303e-01	 8.181818e-01
930	 3.333333e-01	 8.181818e-01
931	 3.636364e-01	 8.181818e-01
932	 3.939394e-01	 8.181818e-01
933	 4.242424e-01	 8.181818e-01
934	 4.545455e-01	 8.181818e-01
935	 4.848485e-01	 8.181818e-01
936	 5.151515e-01	 8.181818e-01
937	 5.454545e-01	 8.181818e-01
938	 5.757576e-01	 8.181818e-01
939	 6.060606e-01	 8.181818e-01
940	 6.363636e-01	 8.181818e-01
941	 6.666667e-01	 8.181818e-01
942	 6.969697e-01	 8.181818e-01
943	 7.272727e-01	 8.181818e-01
944	 7.575758e-01	 8.181818e-01
945	 7.878788e-01	 8.181818e-01
946	 8.181818e-01	 8.181818e-01
947	 8.484848e-01	 8.181818e-01
948	 8.787879e-01	 8.181818e-01
949	 9.090909e-01	 8.181818e-01
950	 9.393939e-01	 8.181818e-01
951	 9.696970e-01	 8.181818e-01
952	 1.000000e+00	 8.181818e-01
953	 0.000000e+00	 8.484848e-01
954	 3.030303e-02	 8.484848e-01
955	 6.060606e-02	 8.484848e-01
956	 9.090909e-02	 8.484848e-01
957	 1.212121e-01	 8.484848e-01
958	 1.515152e-01	 8.484848e-01
959	 1.818182e-01	 8.484848e-01
960	 2.121212e-01	 8.484848e-01
961	 2.424242e-01	 8.484848e-01
962	 2.727273e-01	 8.484848e-01
963	 3.030303e-01	 8.484848e-01
964	 3.333333e-01	 8.484848e-01
965	 3.636364e-01	 8.484848e-01
966	 3.939394e-01	 8.484848e-01
967	 4.242424e-01	 8.484848e-01
968	 4.545455e-01	 8.484848e-01
969	 4.848485e-01	 8.484848e-01
970	 5.151515e-01	 8.484848e-01
971	 5.454545e-01	 8.484848e-01
972	 5.757576e-01	 8.484848e-01
973	 6.060606e-01	 8.484848e-01
974	 6.363636e-01	 8.484848e-01
975	 6.666667e-01	 8.484848e-01
976	 6.969697e-01	 8.484848e-01
977	 7.272727e-01	 8.484848e-01
978	 7.575758e-01	 8.484848e-01
979	 7.878788e-01	 8.484848e-01
980	 8.181818e-01	 8.484848e-01
981	 8.484848e-01	 8.484848e-01
982	 8.787879e-01	 8.484848e-01
983	 9.090909e-01	 8.484848e-01
984	 9.393939e-01	 8.484848e-01
985	 9.696970e-01	 8.484848e-01
986	 1.000000e+00	 8.484848e-01
987	 0.000000e+00	 8.787879e-01
988	 3.030303e-02	 8.787879e-01
989	 6.060606e-02	 8.787879e-01
990	 9.090909e-02	 8.787879e-01
991	 1.212121e-01	 8.787879e-01
992	 1.515152e-01	 8.787879e-01
993	 1.818182e-01	 8.787879e-01
994	 2.121212e-01	 8.787879e-01
995	 2.424242e-01	 8.787879e-01
996	 2.727273e-01	 8.787879e-01
997	 3.030303e-01	 8.787879e-01
998	 3.333333e-01	 8.787879e-01
999	 3.636364e-01	 8.787879e-01
1000	 3.939394e-01	 8.787879e-01
1001	 4.242424e-01	 8.787879e-01
1002	 4.545455e-01	 8.787879e-01
1003	 4.848485e-01	 8.787879e-01
1004	 5.151515e-01	 8.787879e-01
1005	 5.454545e-01	 8.787879e-01
1006	 5.757576e-01	 8.787879e-01
1007	 6.060606e-01	 8.787879e-01
1008	 6.363636e-01	 8.787879e-01
1009	 6.666667e-01	 8.787879e-01
1010	 6.969697e-01	 8.787879e-01
1011	 7.272727e-01	 8.787879e-01
1012	 7.575758e-01	 8.787879e-01
1013	 7.878788e-01	 8.787879e-01
1014	 8.181818e-01	 8.787879e-01
1015	 8.484848e-01	 8.787879e-01
1016	 8.787879e-01	 8.787879e-01
1017	 9.090909e-01	 8.787879e-01
1018	 9.393939e-01	 8.787879e-01
1019	 9.696970e-01	 8.787879e-01
1020	 1.000000e+00	 8.787879e-01
1021	 0.000000e+00	 9.090909e-01
1022	 3.030303e-02	 9.090909e-01
1023	 6.060606e-02	 9.090909e-01
1024	 9.090909e-02	 9.090909e-01
1025	 1.212121e-01	 9.090909e-01
1026	 1.515152e-01	 9.090909e-01
1027	 1.818182e-01	 9.090909e-01
1028	 2.121212e-01	 9.090909e-01
1029	 2.424242e-01	 9.090909e-01
1030	 2.727273e-01	 9.090909e-01
1031	 3.030303e-01	 9.090909e-01
1032	 3.333333e-01	 9.090909e-01
1033	 3.636364e-01	 9.090909e-01
1034	 3.939394e-01	 9.090909e-01
1035	 4.242424e-01	 9.090909e-01
1036	 4.545455e-01	 9.090909e-01
1037	 4.848485e-01	 9.090909e-01
1038	 5.151515e-01	 9.090909e-01
1039	 5.454545e-01	 9.090909e-01
1040	 5.757576e-01	 9.090909e-01
1041	 6.060606e-01	 9.090909e-01
1042	 6.363636e-01	 9.090909e-01
1043	 6.666667e-01	 9.090909e-01
1044	 6.969697e-01	 9.090909e-01
1045	 7.272727e-01	 9.090909e-01
1046	 7.575758e-01	 9.090909e-01
1047	 7.878788e-01	 9.090909e-01
1048	 8.181818e-01	 9.090909e-01
1049	 8.484848e-01	 9.090909e-01
1050	 8.787879e-01	 9.090909e-01
1051	 9.090909e-01	 9.090909e-01
1052	 9.393939e-01	 9.090909e-01
1053	 9.696970e-01	 9.090909e-01
1054	 1.000000e+00	 9.090909e-01
1055	 0.000000e+00	 9.393939e-01
1056	 3.030303e-02	 9.393939e-01
1057	 6.060606e-02	 9.393939e-01
1058	 9.090909e-02	 9.393939e-01
1059	 1.212121e-01	 9.393939e-01
1060	 1.515152e-01	 9.393939e-01
1061	 1.818182e-01	 9.393939e-01
1062	 2.121212e-01	 9.393939e-01
1063	 2.424242e-01	 9.393939e-01
1064	 2.727273e-01	 9.393939e-01
1065	 3.030303e-01	 9.393939e-01
1066	 3.333333e-01	 9.393939e-01
1067	 3.636364e-01	 9.393939e-01
1068	 3.939394e-01	 9.393939e-01
1069	 4.242424e-01	 9.393939e-01
1070	 4.545455e-01	 9.393939e-01
1071	 4.848485e-01	 9.393939e-01
1072	 5.151515e-01	 9.393939e-01
1073	 5.454545e-01	 9.393939e-01
1074	 5.757576e-01	 9.393939e-01
1075	 6.060606e-01	 9.393939e-01
1076	 6.363636e-01	 9.393939e-01
1077	 6.666667e-01	 9.393939e-01
1078	 6.969697e-01	 9.393939e-01
1079	 7.272727e-01	 9.393939e-01
1080	 7.575758e-01	 9.393939e-01
1081	 7.878788e-01	 9.393939e-01
1082	 8.181818e-01	 9.393939e-01
1083	 8.484848e-01	 9.393939e-01
1084	 8.787879e-01	 9.393939e-01
1085	 9.090909e-01	 9.393939e-01
1086	 9.393939e-01	 9.393939e-01
1087	 9.696970e-01	 9.393939e-01
1088	 1.000000e+00	 9.393939e-01
1089	 0.000000e+00	 9.696970e-01
1090	 3.030303e-02	 9.696970e-01
1091	 6.060606e-02	 9.696970e-01
1092	 9.090909e-02	 9.696970e-01
1093	 1.212121e-01	 9.696970e-01
1094	 1.515152e-01	 9.696970e-01
1095	 1.818182e-01	 9.696970e-01
1096	 2.121212e-01	 9.696970e-01
1097	 2.424242e-01	 9.696970e-01
1098	 2.727273e-01	 9.696970e-01
1099	 3.030303e-01	 9.696970e-01
1100	 3.333333e-01	 9.696970e-01
1101	 3.636364e-01	 9.696970e-01
1102	 3.939394e-01	 9.696970e-01
1103	 4.242424e-01	 9.696970e-01
1104	 4.545455e-01	 9.696970e-01
1105	 4.848485e-01	 9.696970e-01
1106	 5.151515e-01	 9.696970e-01
1107	 5.454545e-01	 9.696970e-01
1108	 5.757576e-01	 9.696970e-01
1109	 6.060606e-01	 9.696970e-01
1110	 6.363636e-01	 9.696970e-01
1111	 6.666667e-01	 9.696970e-01
1112	 6.969697e-01	 9.696970e-01
1113	 7.272727e-01	 9.696970e-01
1114	 7.575758e-01	 9.696970e-01
1115	 7.878788e-01	 9.696970e-01
1116	 8.181818e-01	 9.696970e-01
1117	 8.484848e-01	 9.696970e-01
1118	 8.787879e-01	 9.696970e-01
1119	 9.090909e-01	 9.696970e-01
1120	 9.393939e-01	 9.696970e-01
1121	 9.696970e-01	 9.696970e-01
1122	 1.000000e+00	 9.696970e-01
1123	 0.000000e+00	 1.000000e+00
1124	 3.030303e-02	 1.000000e+00
1125	 6.060606e-02	 1.000000e+00
1126	 9.090909e-02	 1.000000e+00
1127	 1.212121e-01	 1.000000e+00
1128	 1.515152e-01	 1.000000e+00
1129	 1.818182e-01	 1.000000e+00
1130	 2.121212e-01	 1.000000e+00
1131	 2.424242e-01	 1.000000e+00
1132	 2.727273e-01	 1.000000e+00
1133	 3.030303e-01	 1.000000e+00
1134	 3.333333e-01	 1.000000e+00
1135	 3.636364e-01	 1.000000e+00
1136	 3.939394e-01	 1.000000e+00
1137	 4.242424e-01	 1.000000e+00
1138	 4.545455e-01	 1.000000e+00
1139	 4.848485e-01	 1.000000e+00
1140	 5.151515e-01	 1.000000e+00
1141	 5.454545e-01	 1.000000e+00
1142	 5.757576e-01	 1.000000e+00
1143	 6.060606e-01	 1.000000e+00
1144	 6.363636e-01	 1.000000e+00
1145	 6.666667e-01	 1.000000e+00
1146	 6.969697e-01	 1.000000e+00
1147	 7.272727e-01	 1.000000e+00
1148	 7.575758e-01	 1.000000e+00
1149	 7.878788e-01	 1.000000e+00
1150	 8.181818e-01	 1.000000e+00
1151	 8.484848e-01	 1.000000e+00
1152	 8.787879e-01	 1.000000e+00
1153	 9.090909e-01	 1.000000e+00
1154	 9.393939e-01	 1.000000e+00
1155	 9.696970e-01	 1.000000e+00
1156	 1.000000e+00	 1.000000e+00
1157	 5.000000e-02	 4.160000e-01
1158	 6.060606e-02	 3.939394e-01
1159	 7.517483e-02	 3.636364e-01
1160	 8.974359e-02	 3.333333e-01
1161	 9.090909e-02	 3.309091e-01
1162	 1.043124e-01	 3.030303e-01
1163	 1.188811e-01	 2.727273e-01
1164	 1.212121e-01	 2.678788e-01
1165	 1.334499e-01	 2.424242e-01
1166	 1.480186e-01	 2.121212e-01
1167	 1.515152e-01	 2.048485e-01
1168	 1.521739e-01	 2.034783e-01
1169	 1.625874e-01	 1.818182e-01
1170	 1.771562e-01	 1.515152e-01
1171	 1.818182e-01	 1.418182e-01
1172	 1.917249e-01	 1.212121e-01
1173	 2.062937e-01	 9.090909e-02
1174	 2.121212e-01	 7.878788e-02
1175	 2.200000e-01	 6.240000e-02
1176	 5.000000e-02	 2.750000e-01
1177	 5.324675e-02	 2.727273e-01
1178	 6.060606e-02	 2.675758e-01
1179	 9.090909e-02	 2.463636e-01
1180	 9.653680e-02	 2.424242e-01
1181	 1.212121e-01	 2.251515e-01
1182	 1.398268e-01	 2.121212e-01
1183	 1.515152e-01	 2.039394e-01
1184	 1.521739e-01	 2.034783e-01
1185	 1.818182e-01	 1.827273e-01
1186	 1.831169e-01	 1.818182e-01
1187	 2.121212e-01	 1.615152e-01
1188	 2.264069e-01	 1.515152e-01
1189	 2.424242e-01	 1.403030e-01
1190	 2.500000e-01	 1.350000e-01
1191	 1.500000e-01	 6.300000e-01
1192	 1.515152e-01	 6.272727e-01
1193	 1.632997e-01	 6.060606e-01
1194	 1.801347e-01	 5.757576e-01
1195	 1.818182e-01	 5.727273e-01
1196	 1.969697e-01	 5.454545e-01
1197	 2.121212e-01	 5.181818e-01
1198	 2.138047e-01	 5.151515e-01
1199	 2.306397e-01	 4.848485e-01
1200	 2.424242e-01	 4.636364e-01
1201	 2.474747e-01	 4.545455e-01
1202	 2.643098e-01	 4.242424e-01
1203	 2.727273e-01	 4.090909e-01
1204	 2.811448e-01	 3.939394e-01
1205	 2.979798e-01	 3.636364e-01
1206	 3.030303e-01	 3.545455e-01
1207	 3.148148e-01	 3.333333e-01
1208	 3.316498e-01	 3.030303e-01
1209	 3.333333e-01	 3.000000e-01
1210	 3.484848e-01	 2.727273e-01
1211	 3.636364e-01	 2.454545e-01
1212	 3.653199e-01	 2.424242e-01
1213	 3.821549e-01	 2.121212e-01
1214	 3.939394e-01	 1.909091e-01
1215	 3.989899e-01	 1.818182e-01
1216	 4.158249e-01	 1.515152e-01
1217	 4.242424e-01	 1.363636e-01
1218	 4.326599e-01	 1.212121e-01
1219	 4.494949e-01	 9.090909e-02
1220	 4.500000e-01	 9.000000e-02
1221	 1.500000e-01	 9.167000e-01
1222	 1.515152e-01	 9.141745e-01
1223	 1.545651e-01	 9.090909e-01
1224	 1.727455e-01	 8.787879e-01
1225	 1.818182e-01	 8.636655e-01
1226	 1.863406e-01	 8.561274e-01
1227	 1.909258e-01	 8.484848e-01
1228	 2.091062e-01	 8.181818e-01
1229	 2.121212e-01	 8.131564e-01
1230	 2.272865e-01	 7.878788e-01
1231	 2.424242e-01	 7.626473e-01
1232	 2.454669e-01	 7.575758e-01
1233	 2.636473e-01	 7.272727e-01
1234	 2.727273e-01	 7.121382e-01
1235	 2.818276e-01	 6.969697e-01
1236	 3.000080e-01	 6.666667e-01
1237	 3.030303e-01	 6.616291e-01
1238	 3.181884e-01	 6.363636e-01
1239	 3.333333e-01	 6.111200e-01
1240	 3.363687e-01	 6.060606e-01
1241	 3.545491e-01	 5.757576e-01
1242	 3.636364e-01	 5.606109e-01
1243	 3.727295e-01	 5.454545e-01
1244	 3.909098e-01	 5.151515e-01
1245	 3.939394e-01	 5.101018e-01
1246	 4.000000e-01	 5.000000e-01
1247	 6.500000e-01	 8.333000e-01
1248	 6.545359e-01	 8.181818e-01
1249	 6.620580e-01	 7.931109e-01
1250	 6.636278e-01	 7.878788e-01
1251	 6.666667e-01	 7.777501e-01
1252	 6.727196e-01	 7.575758e-01
1253	 6.818114e-01	 7.272727e-01
1254	 6.909033e-01	 6.969697e-01
1255	 6.969697e-01	 6.767504e-01
1256	 6.999951e-01	 6.666667e-01
1257	 7.090870e-01	 6.363636e-01
1258	 7.181788e-01	 6.060606e-01
1259	 7.272727e-01	 5.757576e-01
1260	 7.363625e-01	 5.454545e-01
1261	 7.454543e-01	 5.151515e-01
1262	 7.545462e-01	 4.848485e-01
1263	 7.575758e-01	 4.747509e-01
1264	 7.636380e-01	 4.545455e-01
1265	 7.727299e-01	 4.242424e-01
1266	 7.818217e-01	 3.939394e-01
1267	 7.878788e-01	 3.737512e-01
1268	 7.909136e-01	 3.636364e-01
1269	 8.000054e-01	 3.333333e-01
1270	 8.090972e-01	 3.030303e-01
1271	 8.150369e-01	 2.832334e-01
1272	 8.181818e-01	 2.727273e-01
1273	 8.272809e-01	 2.424242e-01
1274	 8.363728e-01	 2.121212e-01
1275	 8.454646e-01	 1.818182e-01
1276	 8.484848e-01	 1.717517e-01
1277	 8.497230e-01	 1.676250e-01
1278	 7.000000e-01	 2.350000e-01
1279	 7.272727e-01	 2.227273e-01
1280	 7.508420e-01	 2.121212e-01
1281	 7.575758e-01	 2.090910e-01
1282	 7.878788e-01	 1.954548e-01
1283	 8.181818e-01	 1.818182e-01
1284	 8.484848e-01	 1.681822e-01
1285	 8.497230e-01	 1.676250e-01
1286	 6.000000e-01	 3.800000e-01
1287	 6.060606e-01	 3.772727e-01
1288	 6.363636e-01	 3.636364e-01
1289	 6.666667e-01	 3.500000e-01
1290	 6.969697e-01	 3.363636e-01
1291	 7.037037e-01	 3.333333e-01
1292	 7.272727e-01	 3.227273e-01
1293	 7.575758e-01	 3.090909e-01
1294	 7.710438e-01	 3.030303e-01
1295	 7.878788e-01	 2.954545e-01
1296	 8.150369e-01	 2.832334e-01
1297	 8.181818e-01	 2.818182e-01
1298	 8.383838e-01	 2.727273e-01
1299	 8.484848e-01	 2.681818e-01
1300	 8.500000e-01	 2.675000e-01
1301	 3.500000e-01	 9.714000e-01
1302	 3.529808e-01	 9.696970e-01
1303	 3.636364e-01	 9.636091e-01
1304	 3.732601e-01	 9.581107e-01
1305	 3.939394e-01	 9.462960e-01
1306	 4.060199e-01	 9.393939e-01
1307	 4.242424e-01	 9.289828e-01
1308	 4.545455e-01	 9.116697e-01
1309	 4.590591e-01	 9.090909e-01
1310	 4.848485e-01	 8.943566e-01
1311	 5.120982e-01	 8.787879e-01
1312	 5.151515e-01	 8.770434e-01
1313	 5.454545e-01	 8.597303e-01
1314	 5.651374e-01	 8.484848e-01
1315	 5.757576e-01	 8.424172e-01
1316	 6.060606e-01	 8.251040e-01
1317	 6.181765e-01	 8.181818e-01
1318	 6.363636e-01	 8.077909e-01
1319	 6.620580e-01	 7.931109e-01
1320	 6.666667e-01	 7.904778e-01
1321	 6.712157e-01	 7.878788e-01
1322	 6.969697e-01	 7.731646e-01
1323	 7.242548e-01	 7.575758e-01
1324	 7.272727e-01	 7.558515e-01
1325	 7.575758e-01	 7.385384e-01
1326	 7.772939e-01	 7.272727e-01
1327	 7.878788e-01	 7.212253e-01
1328	 8.000000e-01	 7.143000e-01
1329	 7.500000e-01	 9.574000e-01
1330	 7.575758e-01	 9.520250e-01
1331	 7.753785e-01	 9.393939e-01
1332	 7.878788e-01	 9.305250e-01
1333	 8.181818e-01	 9.090909e-01
1334	 8.484848e-01	 8.875250e-01
1335	 8.607993e-01	 8.787879e-01
1336	 8.787879e-01	 8.660250e-01
1337	 9.035097e-01	 8.484848e-01
1338	 9.090909e-01	 8.445250e-01
1339	 9.393939e-01	 8.230250e-01
1340	 9.462201e-01	 8.181818e-01
1341	 9.500000e-01	 8.155000e-01
1342	 1.500000e-01	 8.363000e-01
1343	 1.515152e-01	 8.371267e-01
1344	 1.723329e-01	 8.484848e-01
1345	 1.818182e-01	 8.536600e-01
1346	 1.863406e-01	 8.561274e-01
1347	 2.121212e-01	 8.701933e-01
1348	 2.278737e-01	 8.787879e-01
1349	 2.424242e-01	 8.867267e-01
1350	 2.727273e-01	 9.032600e-01
1351	 2.834144e-01	 9.090909e-01
1352	 3.030303e-01	 9.197933e-01
1353	 3.333333e-01	 9.363267e-01
1354	 3.389552e-01	 9.393939e-01
1355	 3.636364e-01	 9.528600e-01
1356	 3.732601e-01	 9.581107e-01
1357	 3.939394e-01	 9.693933e-01
1358	 3.944959e-01	 9.696970e-01
1359	 4.000000e-01	 9.727000e-01
1360	 8.545565e-01	 1.515152e-01
1361	 8.787879e-01	 1.545459e-01
