1	 479	 1
1	 478	 1
2	 478	 1
2	 1157	 1
3	 1157	 1
3	 479	 1
4	 445	 1
4	 479	 1
5	 1157	 1
5	 445	 1
6	 444	 1
6	 445	 1
7	 478	 1
7	 444	 1
8	 1159	 1
8	 412	 1
9	 412	 1
9	 446	 1
10	 446	 1
10	 445	 1
11	 445	 1
11	 1159	 1
12	 411	 1
12	 1159	 1
13	 445	 1
13	 411	 1
14	 1160	 1
14	 378	 1
15	 378	 1
15	 412	 1
16	 1159	 1
16	 1160	 1
17	 377	 1
17	 1160	 1
18	 411	 1
18	 377	 1
19	 1161	 1
19	 378	 1
20	 1160	 1
20	 1161	 1
21	 343	 1
21	 344	 1
22	 344	 1
22	 1161	 1
23	 377	 1
23	 343	 1
24	 1162	 1
24	 345	 1
25	 345	 1
25	 379	 1
26	 379	 1
26	 378	 1
27	 1161	 1
27	 1162	 1
28	 344	 1
28	 1162	 1
29	 1163	 1
29	 311	 1
30	 311	 1
30	 345	 1
31	 1162	 1
31	 1163	 1
32	 310	 1
32	 1163	 1
33	 344	 1
33	 310	 1
34	 1165	 1
34	 278	 1
35	 278	 1
35	 312	 1
36	 312	 1
36	 311	 1
37	 311	 1
37	 1164	 1
38	 1164	 1
38	 1165	 1
39	 277	 1
39	 1165	 1
40	 1164	 1
40	 277	 1
41	 1170	 1
41	 177	 1
42	 177	 1
42	 211	 1
43	 211	 1
43	 1169	 1
44	 1169	 1
44	 1170	 1
45	 176	 1
45	 1170	 1
46	 1169	 1
46	 210	 1
47	 210	 1
47	 176	 1
48	 1171	 1
48	 177	 1
49	 1170	 1
49	 1171	 1
50	 142	 1
50	 143	 1
51	 143	 1
51	 1171	 1
52	 176	 1
52	 142	 1
53	 1172	 1
53	 144	 1
54	 144	 1
54	 178	 1
55	 178	 1
55	 177	 1
56	 1171	 1
56	 1172	 1
57	 143	 1
57	 1172	 1
58	 1173	 1
58	 110	 1
59	 110	 1
59	 144	 1
60	 1172	 1
60	 1173	 1
61	 109	 1
61	 1173	 1
62	 143	 1
62	 109	 1
63	 1174	 1
63	 110	 1
64	 1173	 1
64	 1174	 1
65	 75	 1
65	 76	 1
66	 76	 1
66	 1174	 1
67	 109	 1
67	 75	 1
68	 76	 1
68	 77	 1
69	 77	 1
69	 1175	 1
70	 1175	 1
70	 76	 1
71	 77	 1
71	 111	 1
72	 111	 1
72	 110	 1
73	 1174	 1
73	 1175	 1
74	 342	 1
74	 308	 1
75	 308	 1
75	 1176	 1
76	 1176	 1
76	 342	 1
77	 1176	 1
77	 1177	 1
78	 1177	 1
78	 309	 1
79	 309	 1
79	 343	 1
80	 343	 1
80	 342	 1
81	 308	 1
81	 1177	 1
82	 1178	 1
82	 309	 1
83	 1177	 1
83	 1178	 1
84	 274	 1
84	 275	 1
85	 275	 1
85	 1178	 1
86	 308	 1
86	 274	 1
87	 1179	 1
87	 310	 1
88	 310	 1
88	 309	 1
89	 1178	 1
89	 1179	 1
90	 275	 1
90	 276	 1
91	 276	 1
91	 1179	 1
92	 1181	 1
92	 277	 1
93	 277	 1
93	 1180	 1
94	 1180	 1
94	 1181	 1
95	 242	 1
95	 243	 1
96	 243	 1
96	 1181	 1
97	 1180	 1
97	 276	 1
98	 276	 1
98	 242	 1
99	 1185	 1
99	 1186	 1
100	 1186	 1
100	 212	 1
101	 212	 1
101	 246	 1
102	 246	 1
102	 245	 1
103	 245	 1
103	 1185	 1
104	 211	 1
104	 1186	 1
105	 1185	 1
105	 211	 1
106	 1187	 1
106	 212	 1
107	 1186	 1
107	 1187	 1
108	 178	 1
108	 1187	 1
109	 1187	 1
109	 1188	 1
110	 1188	 1
110	 179	 1
111	 179	 1
111	 213	 1
112	 213	 1
112	 212	 1
113	 178	 1
113	 1188	 1
114	 1189	 1
114	 179	 1
115	 1188	 1
115	 1189	 1
116	 144	 1
116	 145	 1
117	 145	 1
117	 1189	 1
118	 145	 1
118	 146	 1
119	 146	 1
119	 1190	 1
120	 1190	 1
120	 145	 1
121	 146	 1
121	 180	 1
122	 180	 1
122	 179	 1
123	 1189	 1
123	 1190	 1
124	 720	 1
124	 719	 1
125	 719	 1
125	 1191	 1
126	 1191	 1
126	 720	 1
127	 1191	 1
127	 1192	 1
128	 1192	 1
128	 720	 1
129	 685	 1
129	 686	 1
130	 686	 1
130	 1192	 1
131	 719	 1
131	 685	 1
132	 1193	 1
132	 687	 1
133	 687	 1
133	 721	 1
134	 721	 1
134	 720	 1
135	 1192	 1
135	 1193	 1
136	 686	 1
136	 1193	 1
137	 1194	 1
137	 653	 1
138	 653	 1
138	 687	 1
139	 1193	 1
139	 1194	 1
140	 652	 1
140	 1194	 1
141	 686	 1
141	 652	 1
142	 1195	 1
142	 653	 1
143	 1194	 1
143	 1195	 1
144	 618	 1
144	 619	 1
145	 619	 1
145	 1195	 1
146	 652	 1
146	 618	 1
147	 1196	 1
147	 620	 1
148	 620	 1
148	 654	 1
149	 654	 1
149	 653	 1
150	 1195	 1
150	 1196	 1
151	 619	 1
151	 1196	 1
152	 1197	 1
152	 620	 1
153	 1196	 1
153	 1197	 1
154	 585	 1
154	 586	 1
155	 586	 1
155	 1197	 1
156	 619	 1
156	 585	 1
157	 1197	 1
157	 1198	 1
158	 1198	 1
158	 587	 1
159	 587	 1
159	 621	 1
160	 621	 1
160	 620	 1
161	 586	 1
161	 1198	 1
162	 1199	 1
162	 553	 1
163	 553	 1
163	 587	 1
164	 1198	 1
164	 1199	 1
165	 552	 1
165	 1199	 1
166	 586	 1
166	 552	 1
167	 1200	 1
167	 553	 1
168	 1199	 1
168	 1200	 1
169	 518	 1
169	 519	 1
170	 519	 1
170	 1200	 1
171	 552	 1
171	 518	 1
172	 1200	 1
172	 1201	 1
173	 1201	 1
173	 520	 1
174	 520	 1
174	 554	 1
175	 554	 1
175	 553	 1
176	 519	 1
176	 1201	 1
177	 1202	 1
177	 486	 1
178	 486	 1
178	 520	 1
179	 1201	 1
179	 1202	 1
180	 485	 1
180	 1202	 1
181	 519	 1
181	 485	 1
182	 1203	 1
182	 486	 1
183	 1202	 1
183	 1203	 1
184	 451	 1
184	 452	 1
185	 452	 1
185	 1203	 1
186	 485	 1
186	 451	 1
187	 1204	 1
187	 453	 1
188	 453	 1
188	 487	 1
189	 487	 1
189	 486	 1
190	 1203	 1
190	 1204	 1
191	 452	 1
191	 1204	 1
192	 1205	 1
192	 419	 1
193	 419	 1
193	 453	 1
194	 1204	 1
194	 1205	 1
195	 418	 1
195	 1205	 1
196	 452	 1
196	 418	 1
197	 1206	 1
197	 419	 1
198	 1205	 1
198	 1206	 1
199	 384	 1
199	 385	 1
200	 385	 1
200	 1206	 1
201	 418	 1
201	 384	 1
202	 1207	 1
202	 386	 1
203	 386	 1
203	 420	 1
204	 420	 1
204	 419	 1
205	 1206	 1
205	 1207	 1
206	 385	 1
206	 1207	 1
207	 1208	 1
207	 352	 1
208	 352	 1
208	 386	 1
209	 1207	 1
209	 1208	 1
210	 351	 1
210	 1208	 1
211	 385	 1
211	 351	 1
212	 1209	 1
212	 352	 1
213	 1208	 1
213	 1209	 1
214	 317	 1
214	 318	 1
215	 318	 1
215	 1209	 1
216	 351	 1
216	 317	 1
217	 1210	 1
217	 319	 1
218	 319	 1
218	 353	 1
219	 353	 1
219	 352	 1
220	 1209	 1
220	 1210	 1
221	 318	 1
221	 1210	 1
222	 1211	 1
222	 319	 1
223	 1210	 1
223	 1211	 1
224	 284	 1
224	 285	 1
225	 285	 1
225	 1211	 1
226	 318	 1
226	 284	 1
227	 1211	 1
227	 1212	 1
228	 1212	 1
228	 286	 1
229	 286	 1
229	 320	 1
230	 320	 1
230	 319	 1
231	 285	 1
231	 1212	 1
232	 1213	 1
232	 252	 1
233	 252	 1
233	 286	 1
234	 1212	 1
234	 1213	 1
235	 251	 1
235	 1213	 1
236	 285	 1
236	 251	 1
237	 1214	 1
237	 252	 1
238	 1213	 1
238	 1214	 1
239	 217	 1
239	 218	 1
240	 218	 1
240	 1214	 1
241	 251	 1
241	 217	 1
242	 1214	 1
242	 1215	 1
243	 1215	 1
243	 219	 1
244	 219	 1
244	 253	 1
245	 253	 1
245	 252	 1
246	 218	 1
246	 1215	 1
247	 1216	 1
247	 185	 1
248	 185	 1
248	 219	 1
249	 1215	 1
249	 1216	 1
250	 184	 1
250	 1216	 1
251	 218	 1
251	 184	 1
252	 1217	 1
252	 185	 1
253	 1216	 1
253	 1217	 1
254	 150	 1
254	 151	 1
255	 151	 1
255	 1217	 1
256	 184	 1
256	 150	 1
257	 1218	 1
257	 152	 1
258	 152	 1
258	 186	 1
259	 186	 1
259	 185	 1
260	 1217	 1
260	 1218	 1
261	 151	 1
261	 1218	 1
262	 1219	 1
262	 118	 1
263	 118	 1
263	 152	 1
264	 1218	 1
264	 1219	 1
265	 117	 1
265	 1219	 1
266	 151	 1
266	 117	 1
267	 84	 1
267	 118	 1
268	 118	 1
268	 1220	 1
269	 1220	 1
269	 84	 1
270	 1219	 1
270	 1220	 1
271	 83	 1
271	 84	 1
272	 117	 1
272	 83	 1
273	 1060	 1
273	 1059	 1
274	 1059	 1
274	 1221	 1
275	 1221	 1
275	 1060	 1
276	 1221	 1
276	 1222	 1
277	 1222	 1
277	 1060	 1
278	 1025	 1
278	 1026	 1
279	 1026	 1
279	 1222	 1
280	 1059	 1
280	 1025	 1
281	 1222	 1
281	 1223	 1
282	 1223	 1
282	 1027	 1
283	 1027	 1
283	 1061	 1
284	 1061	 1
284	 1060	 1
285	 1026	 1
285	 1223	 1
286	 1224	 1
286	 993	 1
287	 993	 1
287	 1027	 1
288	 1223	 1
288	 1224	 1
289	 992	 1
289	 1224	 1
290	 1026	 1
290	 992	 1
291	 1228	 1
291	 926	 1
292	 926	 1
292	 960	 1
293	 960	 1
293	 1227	 1
294	 1227	 1
294	 1228	 1
295	 925	 1
295	 1228	 1
296	 1227	 1
296	 959	 1
297	 959	 1
297	 925	 1
298	 1229	 1
298	 926	 1
299	 1228	 1
299	 1229	 1
300	 891	 1
300	 892	 1
301	 892	 1
301	 1229	 1
302	 925	 1
302	 891	 1
303	 1230	 1
303	 893	 1
304	 893	 1
304	 927	 1
305	 927	 1
305	 926	 1
306	 1229	 1
306	 1230	 1
307	 892	 1
307	 1230	 1
308	 1231	 1
308	 893	 1
309	 1230	 1
309	 1231	 1
310	 858	 1
310	 859	 1
311	 859	 1
311	 1231	 1
312	 892	 1
312	 858	 1
313	 1231	 1
313	 1232	 1
314	 1232	 1
314	 860	 1
315	 860	 1
315	 894	 1
316	 894	 1
316	 893	 1
317	 859	 1
317	 1232	 1
318	 1233	 1
318	 826	 1
319	 826	 1
319	 860	 1
320	 1232	 1
320	 1233	 1
321	 825	 1
321	 1233	 1
322	 859	 1
322	 825	 1
323	 1234	 1
323	 826	 1
324	 1233	 1
324	 1234	 1
325	 791	 1
325	 792	 1
326	 792	 1
326	 1234	 1
327	 825	 1
327	 791	 1
328	 1235	 1
328	 793	 1
329	 793	 1
329	 827	 1
330	 827	 1
330	 826	 1
331	 1234	 1
331	 1235	 1
332	 792	 1
332	 1235	 1
333	 1236	 1
333	 759	 1
334	 759	 1
334	 793	 1
335	 1235	 1
335	 1236	 1
336	 758	 1
336	 1236	 1
337	 792	 1
337	 758	 1
338	 1237	 1
338	 759	 1
339	 1236	 1
339	 1237	 1
340	 724	 1
340	 725	 1
341	 725	 1
341	 1237	 1
342	 758	 1
342	 724	 1
343	 1238	 1
343	 726	 1
344	 726	 1
344	 760	 1
345	 760	 1
345	 759	 1
346	 1237	 1
346	 1238	 1
347	 725	 1
347	 1238	 1
348	 1239	 1
348	 726	 1
349	 1238	 1
349	 1239	 1
350	 691	 1
350	 692	 1
351	 692	 1
351	 1239	 1
352	 725	 1
352	 691	 1
353	 1239	 1
353	 1240	 1
354	 1240	 1
354	 693	 1
355	 693	 1
355	 727	 1
356	 727	 1
356	 726	 1
357	 692	 1
357	 1240	 1
358	 1241	 1
358	 659	 1
359	 659	 1
359	 693	 1
360	 1240	 1
360	 1241	 1
361	 658	 1
361	 1241	 1
362	 692	 1
362	 658	 1
363	 1242	 1
363	 659	 1
364	 1241	 1
364	 1242	 1
365	 624	 1
365	 625	 1
366	 625	 1
366	 1242	 1
367	 658	 1
367	 624	 1
368	 1243	 1
368	 626	 1
369	 626	 1
369	 660	 1
370	 660	 1
370	 659	 1
371	 1242	 1
371	 1243	 1
372	 625	 1
372	 1243	 1
373	 1244	 1
373	 592	 1
374	 592	 1
374	 626	 1
375	 1243	 1
375	 1244	 1
376	 591	 1
376	 1244	 1
377	 625	 1
377	 591	 1
378	 1245	 1
378	 592	 1
379	 1244	 1
379	 1245	 1
380	 557	 1
380	 558	 1
381	 558	 1
381	 1245	 1
382	 591	 1
382	 557	 1
383	 558	 1
383	 559	 1
384	 559	 1
384	 1246	 1
385	 1246	 1
385	 558	 1
386	 559	 1
386	 593	 1
387	 593	 1
387	 592	 1
388	 1245	 1
388	 1246	 1
389	 975	 1
389	 974	 1
390	 974	 1
390	 1247	 1
391	 1247	 1
391	 975	 1
392	 1248	 1
392	 941	 1
393	 941	 1
393	 975	 1
394	 1247	 1
394	 1248	 1
395	 940	 1
395	 1248	 1
396	 974	 1
396	 940	 1
397	 1251	 1
397	 907	 1
398	 907	 1
398	 1250	 1
399	 1250	 1
399	 1251	 1
400	 872	 1
400	 873	 1
401	 873	 1
401	 1251	 1
402	 1250	 1
402	 906	 1
403	 906	 1
403	 872	 1
404	 1253	 1
404	 840	 1
405	 840	 1
405	 874	 1
406	 874	 1
406	 1252	 1
407	 1252	 1
407	 1253	 1
408	 839	 1
408	 1253	 1
409	 1252	 1
409	 873	 1
410	 873	 1
410	 839	 1
411	 1254	 1
411	 806	 1
412	 806	 1
412	 840	 1
413	 1253	 1
413	 1254	 1
414	 805	 1
414	 1254	 1
415	 839	 1
415	 805	 1
416	 1255	 1
416	 806	 1
417	 1254	 1
417	 1255	 1
418	 771	 1
418	 772	 1
419	 772	 1
419	 1255	 1
420	 805	 1
420	 771	 1
421	 1255	 1
421	 1256	 1
422	 1256	 1
422	 773	 1
423	 773	 1
423	 807	 1
424	 807	 1
424	 806	 1
425	 772	 1
425	 1256	 1
426	 1257	 1
426	 739	 1
427	 739	 1
427	 773	 1
428	 1256	 1
428	 1257	 1
429	 738	 1
429	 1257	 1
430	 772	 1
430	 738	 1
431	 1258	 1
431	 705	 1
432	 705	 1
432	 739	 1
433	 1257	 1
433	 1258	 1
434	 704	 1
434	 1258	 1
435	 738	 1
435	 704	 1
436	 671	 1
436	 705	 1
437	 1258	 1
437	 671	 1
438	 670	 1
438	 671	 1
439	 704	 1
439	 670	 1
440	 1260	 1
440	 638	 1
441	 638	 1
441	 672	 1
442	 672	 1
442	 671	 1
443	 671	 1
443	 1260	 1
444	 637	 1
444	 1260	 1
445	 671	 1
445	 637	 1
446	 1261	 1
446	 604	 1
447	 604	 1
447	 638	 1
448	 1260	 1
448	 1261	 1
449	 603	 1
449	 1261	 1
450	 637	 1
450	 603	 1
451	 1262	 1
451	 570	 1
452	 570	 1
452	 604	 1
453	 1261	 1
453	 1262	 1
454	 569	 1
454	 1262	 1
455	 603	 1
455	 569	 1
456	 1263	 1
456	 570	 1
457	 1262	 1
457	 1263	 1
458	 535	 1
458	 536	 1
459	 536	 1
459	 1263	 1
460	 569	 1
460	 535	 1
461	 1264	 1
461	 537	 1
462	 537	 1
462	 571	 1
463	 571	 1
463	 570	 1
464	 1263	 1
464	 1264	 1
465	 536	 1
465	 1264	 1
466	 1265	 1
466	 503	 1
467	 503	 1
467	 537	 1
468	 1264	 1
468	 1265	 1
469	 502	 1
469	 1265	 1
470	 536	 1
470	 502	 1
471	 1266	 1
471	 469	 1
472	 469	 1
472	 503	 1
473	 1265	 1
473	 1266	 1
474	 468	 1
474	 1266	 1
475	 502	 1
475	 468	 1
476	 1267	 1
476	 469	 1
477	 1266	 1
477	 1267	 1
478	 434	 1
478	 435	 1
479	 435	 1
479	 1267	 1
480	 468	 1
480	 434	 1
481	 1267	 1
481	 1268	 1
482	 1268	 1
482	 436	 1
483	 436	 1
483	 470	 1
484	 470	 1
484	 469	 1
485	 435	 1
485	 1268	 1
486	 1269	 1
486	 402	 1
487	 402	 1
487	 436	 1
488	 1268	 1
488	 1269	 1
489	 401	 1
489	 1269	 1
490	 435	 1
490	 401	 1
491	 1270	 1
491	 368	 1
492	 368	 1
492	 402	 1
493	 1269	 1
493	 1270	 1
494	 367	 1
494	 1270	 1
495	 401	 1
495	 367	 1
496	 1274	 1
496	 267	 1
497	 267	 1
497	 301	 1
498	 301	 1
498	 1273	 1
499	 1273	 1
499	 1274	 1
500	 266	 1
500	 1274	 1
501	 1273	 1
501	 300	 1
502	 300	 1
502	 266	 1
503	 1275	 1
503	 233	 1
504	 233	 1
504	 267	 1
505	 1274	 1
505	 1275	 1
506	 232	 1
506	 1275	 1
507	 266	 1
507	 232	 1
508	 296	 1
508	 262	 1
509	 262	 1
509	 1278	 1
510	 1278	 1
510	 296	 1
511	 1278	 1
511	 1279	 1
512	 1279	 1
512	 297	 1
513	 297	 1
513	 296	 1
514	 262	 1
514	 263	 1
515	 263	 1
515	 1279	 1
516	 1279	 1
516	 1280	 1
517	 1280	 1
517	 264	 1
518	 264	 1
518	 298	 1
519	 298	 1
519	 297	 1
520	 263	 1
520	 1280	 1
521	 1281	 1
521	 264	 1
522	 1280	 1
522	 1281	 1
523	 229	 1
523	 230	 1
524	 230	 1
524	 1281	 1
525	 263	 1
525	 229	 1
526	 1282	 1
526	 265	 1
527	 265	 1
527	 264	 1
528	 1281	 1
528	 1282	 1
529	 230	 1
529	 231	 1
530	 231	 1
530	 1282	 1
531	 1282	 1
531	 232	 1
532	 266	 1
532	 265	 1
533	 231	 1
533	 232	 1
534	 462	 1
534	 428	 1
535	 428	 1
535	 1286	 1
536	 1286	 1
536	 462	 1
537	 1286	 1
537	 1287	 1
538	 1287	 1
538	 463	 1
539	 463	 1
539	 462	 1
540	 428	 1
540	 429	 1
541	 429	 1
541	 1287	 1
542	 1287	 1
542	 430	 1
543	 430	 1
543	 464	 1
544	 464	 1
544	 463	 1
545	 429	 1
545	 430	 1
546	 1289	 1
546	 431	 1
547	 431	 1
547	 430	 1
548	 430	 1
548	 1289	 1
549	 396	 1
549	 397	 1
550	 397	 1
550	 1289	 1
551	 430	 1
551	 396	 1
552	 1289	 1
552	 1290	 1
553	 1290	 1
553	 432	 1
554	 432	 1
554	 431	 1
555	 397	 1
555	 398	 1
556	 398	 1
556	 1290	 1
557	 1290	 1
557	 1291	 1
558	 1291	 1
558	 399	 1
559	 399	 1
559	 433	 1
560	 433	 1
560	 432	 1
561	 398	 1
561	 1291	 1
562	 1292	 1
562	 399	 1
563	 1291	 1
563	 1292	 1
564	 364	 1
564	 365	 1
565	 365	 1
565	 1292	 1
566	 398	 1
566	 364	 1
567	 1292	 1
567	 1293	 1
568	 1293	 1
568	 400	 1
569	 400	 1
569	 399	 1
570	 365	 1
570	 366	 1
571	 366	 1
571	 1293	 1
572	 1293	 1
572	 1294	 1
573	 1294	 1
573	 367	 1
574	 401	 1
574	 400	 1
575	 366	 1
575	 1294	 1
576	 1295	 1
576	 367	 1
577	 1294	 1
577	 1295	 1
578	 332	 1
578	 333	 1
579	 333	 1
579	 1295	 1
580	 366	 1
580	 332	 1
581	 1297	 1
581	 1298	 1
582	 1298	 1
582	 335	 1
583	 335	 1
583	 369	 1
584	 369	 1
584	 368	 1
585	 368	 1
585	 1297	 1
586	 334	 1
586	 1298	 1
587	 1297	 1
587	 334	 1
588	 302	 1
588	 336	 1
589	 336	 1
589	 1300	 1
590	 1300	 1
590	 302	 1
591	 1299	 1
591	 1300	 1
592	 336	 1
592	 335	 1
593	 335	 1
593	 1299	 1
594	 301	 1
594	 302	 1
595	 1299	 1
595	 301	 1
596	 1134	 1
596	 1100	 1
597	 1100	 1
597	 1301	 1
598	 1301	 1
598	 1134	 1
599	 1301	 1
599	 1302	 1
600	 1302	 1
600	 1101	 1
601	 1101	 1
601	 1135	 1
602	 1135	 1
602	 1134	 1
603	 1100	 1
603	 1302	 1
604	 1307	 1
604	 1069	 1
605	 1069	 1
605	 1306	 1
606	 1306	 1
606	 1307	 1
607	 1034	 1
607	 1035	 1
608	 1035	 1
608	 1307	 1
609	 1306	 1
609	 1068	 1
610	 1068	 1
610	 1034	 1
611	 1307	 1
611	 1308	 1
612	 1308	 1
612	 1070	 1
613	 1070	 1
613	 1069	 1
614	 1035	 1
614	 1036	 1
615	 1036	 1
615	 1308	 1
616	 1308	 1
616	 1309	 1
617	 1309	 1
617	 1037	 1
618	 1037	 1
618	 1071	 1
619	 1071	 1
619	 1070	 1
620	 1036	 1
620	 1309	 1
621	 1310	 1
621	 1037	 1
622	 1309	 1
622	 1310	 1
623	 1002	 1
623	 1003	 1
624	 1003	 1
624	 1310	 1
625	 1036	 1
625	 1002	 1
626	 1311	 1
626	 1004	 1
627	 1004	 1
627	 1038	 1
628	 1038	 1
628	 1037	 1
629	 1310	 1
629	 1311	 1
630	 1003	 1
630	 1311	 1
631	 1312	 1
631	 1004	 1
632	 1311	 1
632	 1312	 1
633	 969	 1
633	 970	 1
634	 970	 1
634	 1312	 1
635	 1003	 1
635	 969	 1
636	 1313	 1
636	 1005	 1
637	 1005	 1
637	 1004	 1
638	 1312	 1
638	 1313	 1
639	 970	 1
639	 971	 1
640	 971	 1
640	 1313	 1
641	 1313	 1
641	 1314	 1
642	 1314	 1
642	 972	 1
643	 972	 1
643	 1006	 1
644	 1006	 1
644	 1005	 1
645	 971	 1
645	 1314	 1
646	 1315	 1
646	 972	 1
647	 1314	 1
647	 1315	 1
648	 937	 1
648	 938	 1
649	 938	 1
649	 1315	 1
650	 971	 1
650	 937	 1
651	 1316	 1
651	 973	 1
652	 973	 1
652	 972	 1
653	 1315	 1
653	 1316	 1
654	 938	 1
654	 939	 1
655	 939	 1
655	 1316	 1
656	 1316	 1
656	 1317	 1
657	 1317	 1
657	 940	 1
658	 974	 1
658	 973	 1
659	 939	 1
659	 1317	 1
660	 1318	 1
660	 940	 1
661	 1317	 1
661	 1318	 1
662	 905	 1
662	 906	 1
663	 906	 1
663	 1318	 1
664	 939	 1
664	 905	 1
665	 1320	 1
665	 1321	 1
666	 1321	 1
666	 908	 1
667	 908	 1
667	 942	 1
668	 942	 1
668	 941	 1
669	 941	 1
669	 1320	 1
670	 907	 1
670	 1321	 1
671	 1320	 1
671	 907	 1
672	 1323	 1
672	 875	 1
673	 875	 1
673	 909	 1
674	 909	 1
674	 908	 1
675	 908	 1
675	 1322	 1
676	 1322	 1
676	 1323	 1
677	 874	 1
677	 1323	 1
678	 1322	 1
678	 874	 1
679	 1324	 1
679	 875	 1
680	 1323	 1
680	 1324	 1
681	 840	 1
681	 841	 1
682	 841	 1
682	 1324	 1
683	 1325	 1
683	 876	 1
684	 876	 1
684	 875	 1
685	 1324	 1
685	 1325	 1
686	 841	 1
686	 842	 1
687	 842	 1
687	 1325	 1
688	 1325	 1
688	 1326	 1
689	 1326	 1
689	 843	 1
690	 843	 1
690	 877	 1
691	 877	 1
691	 876	 1
692	 842	 1
692	 1326	 1
693	 1327	 1
693	 843	 1
694	 1326	 1
694	 1327	 1
695	 808	 1
695	 809	 1
696	 809	 1
696	 1327	 1
697	 842	 1
697	 808	 1
698	 810	 1
698	 844	 1
699	 844	 1
699	 1328	 1
700	 1328	 1
700	 810	 1
701	 1327	 1
701	 1328	 1
702	 844	 1
702	 843	 1
703	 809	 1
703	 810	 1
704	 1114	 1
704	 1113	 1
705	 1113	 1
705	 1329	 1
706	 1329	 1
706	 1114	 1
707	 1329	 1
707	 1330	 1
708	 1330	 1
708	 1114	 1
709	 1079	 1
709	 1080	 1
710	 1080	 1
710	 1330	 1
711	 1113	 1
711	 1079	 1
712	 1330	 1
712	 1331	 1
713	 1331	 1
713	 1081	 1
714	 1081	 1
714	 1115	 1
715	 1115	 1
715	 1114	 1
716	 1080	 1
716	 1331	 1
717	 1332	 1
717	 1081	 1
718	 1331	 1
718	 1332	 1
719	 1046	 1
719	 1047	 1
720	 1047	 1
720	 1332	 1
721	 1080	 1
721	 1046	 1
722	 1048	 1
722	 1082	 1
723	 1082	 1
723	 1081	 1
724	 1332	 1
724	 1048	 1
725	 1047	 1
725	 1048	 1
726	 1334	 1
726	 1049	 1
727	 1049	 1
727	 1048	 1
728	 1048	 1
728	 1334	 1
729	 1014	 1
729	 1015	 1
730	 1015	 1
730	 1334	 1
731	 1048	 1
731	 1014	 1
732	 1334	 1
732	 1335	 1
733	 1335	 1
733	 1016	 1
734	 1016	 1
734	 1050	 1
735	 1050	 1
735	 1049	 1
736	 1015	 1
736	 1335	 1
737	 1336	 1
737	 1016	 1
738	 1335	 1
738	 1336	 1
739	 981	 1
739	 982	 1
740	 982	 1
740	 1336	 1
741	 1015	 1
741	 981	 1
742	 1337	 1
742	 983	 1
743	 983	 1
743	 1017	 1
744	 1017	 1
744	 1016	 1
745	 1336	 1
745	 1337	 1
746	 982	 1
746	 1337	 1
747	 1338	 1
747	 983	 1
748	 1337	 1
748	 1338	 1
749	 948	 1
749	 949	 1
750	 949	 1
750	 1338	 1
751	 982	 1
751	 948	 1
752	 1339	 1
752	 984	 1
753	 984	 1
753	 983	 1
754	 1338	 1
754	 1339	 1
755	 949	 1
755	 950	 1
756	 950	 1
756	 1339	 1
757	 1339	 1
757	 1340	 1
758	 1340	 1
758	 951	 1
759	 951	 1
759	 985	 1
760	 985	 1
760	 984	 1
761	 950	 1
761	 1340	 1
762	 917	 1
762	 951	 1
763	 951	 1
763	 1341	 1
764	 1341	 1
764	 917	 1
765	 1340	 1
765	 1341	 1
766	 916	 1
766	 917	 1
767	 950	 1
767	 916	 1
768	 957	 1
768	 923	 1
769	 923	 1
769	 1342	 1
770	 1342	 1
770	 957	 1
771	 1342	 1
771	 1343	 1
772	 1343	 1
772	 958	 1
773	 958	 1
773	 957	 1
774	 923	 1
774	 924	 1
775	 924	 1
775	 1343	 1
776	 1343	 1
776	 1344	 1
777	 1344	 1
777	 958	 1
778	 924	 1
778	 925	 1
779	 959	 1
779	 1344	 1
780	 1347	 1
780	 1348	 1
781	 1348	 1
781	 994	 1
782	 994	 1
782	 1347	 1
783	 960	 1
783	 961	 1
784	 961	 1
784	 995	 1
785	 995	 1
785	 1348	 1
786	 1347	 1
786	 960	 1
787	 1348	 1
787	 1349	 1
788	 1349	 1
788	 1029	 1
789	 1029	 1
789	 1028	 1
790	 1028	 1
790	 994	 1
791	 995	 1
791	 1349	 1
792	 1349	 1
792	 1350	 1
793	 1350	 1
793	 1030	 1
794	 1030	 1
794	 1029	 1
795	 995	 1
795	 996	 1
796	 996	 1
796	 1350	 1
797	 1350	 1
797	 1351	 1
798	 1351	 1
798	 1030	 1
799	 996	 1
799	 997	 1
800	 997	 1
800	 1031	 1
801	 1031	 1
801	 1351	 1
802	 1351	 1
802	 1352	 1
803	 1352	 1
803	 1065	 1
804	 1065	 1
804	 1064	 1
805	 1064	 1
805	 1030	 1
806	 1031	 1
806	 1352	 1
807	 1352	 1
807	 1353	 1
808	 1353	 1
808	 1066	 1
809	 1066	 1
809	 1065	 1
810	 1031	 1
810	 1032	 1
811	 1032	 1
811	 1353	 1
812	 1353	 1
812	 1354	 1
813	 1354	 1
813	 1066	 1
814	 1032	 1
814	 1033	 1
815	 1033	 1
815	 1067	 1
816	 1067	 1
816	 1354	 1
817	 1103	 1
817	 1137	 1
818	 1137	 1
818	 1359	 1
819	 1359	 1
819	 1103	 1
820	 1102	 1
820	 1358	 1
821	 1358	 1
821	 1359	 1
822	 1137	 1
822	 1136	 1
823	 1136	 1
823	 1102	 1
824	 1358	 1
824	 1103	 1
825	 1	 1
825	 2	 1
826	 2	 1
826	 36	 1
827	 36	 1
827	 35	 1
828	 35	 1
828	 1	 1
829	 36	 1
829	 70	 1
830	 70	 1
830	 69	 1
831	 69	 1
831	 35	 1
832	 70	 1
832	 104	 1
833	 104	 1
833	 103	 1
834	 103	 1
834	 69	 1
835	 104	 1
835	 138	 1
836	 138	 1
836	 137	 1
837	 137	 1
837	 103	 1
838	 138	 1
838	 172	 1
839	 172	 1
839	 171	 1
840	 171	 1
840	 137	 1
841	 172	 1
841	 206	 1
842	 206	 1
842	 205	 1
843	 205	 1
843	 171	 1
844	 206	 1
844	 240	 1
845	 240	 1
845	 239	 1
846	 239	 1
846	 205	 1
847	 240	 1
847	 274	 1
848	 274	 1
848	 273	 1
849	 273	 1
849	 239	 1
850	 308	 1
850	 307	 1
851	 307	 1
851	 273	 1
852	 342	 1
852	 341	 1
853	 341	 1
853	 307	 1
854	 342	 1
854	 376	 1
855	 376	 1
855	 375	 1
856	 375	 1
856	 341	 1
857	 376	 1
857	 410	 1
858	 410	 1
858	 409	 1
859	 409	 1
859	 375	 1
860	 410	 1
860	 444	 1
861	 444	 1
861	 443	 1
862	 443	 1
862	 409	 1
863	 478	 1
863	 477	 1
864	 477	 1
864	 443	 1
865	 478	 1
865	 512	 1
866	 512	 1
866	 511	 1
867	 511	 1
867	 477	 1
868	 512	 1
868	 546	 1
869	 546	 1
869	 545	 1
870	 545	 1
870	 511	 1
871	 546	 1
871	 580	 1
872	 580	 1
872	 579	 1
873	 579	 1
873	 545	 1
874	 580	 1
874	 614	 1
875	 614	 1
875	 613	 1
876	 613	 1
876	 579	 1
877	 614	 1
877	 648	 1
878	 648	 1
878	 647	 1
879	 647	 1
879	 613	 1
880	 648	 1
880	 682	 1
881	 682	 1
881	 681	 1
882	 681	 1
882	 647	 1
883	 682	 1
883	 716	 1
884	 716	 1
884	 715	 1
885	 715	 1
885	 681	 1
886	 716	 1
886	 750	 1
887	 750	 1
887	 749	 1
888	 749	 1
888	 715	 1
889	 750	 1
889	 784	 1
890	 784	 1
890	 783	 1
891	 783	 1
891	 749	 1
892	 784	 1
892	 818	 1
893	 818	 1
893	 817	 1
894	 817	 1
894	 783	 1
895	 818	 1
895	 852	 1
896	 852	 1
896	 851	 1
897	 851	 1
897	 817	 1
898	 852	 1
898	 886	 1
899	 886	 1
899	 885	 1
900	 885	 1
900	 851	 1
901	 886	 1
901	 920	 1
902	 920	 1
902	 919	 1
903	 919	 1
903	 885	 1
904	 920	 1
904	 954	 1
905	 954	 1
905	 953	 1
906	 953	 1
906	 919	 1
907	 954	 1
907	 988	 1
908	 988	 1
908	 987	 1
909	 987	 1
909	 953	 1
910	 988	 1
910	 1022	 1
911	 1022	 1
911	 1021	 1
912	 1021	 1
912	 987	 1
913	 1022	 1
913	 1056	 1
914	 1056	 1
914	 1055	 1
915	 1055	 1
915	 1021	 1
916	 1056	 1
916	 1090	 1
917	 1090	 1
917	 1089	 1
918	 1089	 1
918	 1055	 1
919	 1090	 1
919	 1124	 1
920	 1124	 1
920	 1123	 1
921	 1123	 1
921	 1089	 1
922	 2	 1
922	 3	 1
923	 3	 1
923	 37	 1
924	 37	 1
924	 36	 1
925	 37	 1
925	 71	 1
926	 71	 1
926	 70	 1
927	 71	 1
927	 105	 1
928	 105	 1
928	 104	 1
929	 105	 1
929	 139	 1
930	 139	 1
930	 138	 1
931	 139	 1
931	 173	 1
932	 173	 1
932	 172	 1
933	 173	 1
933	 207	 1
934	 207	 1
934	 206	 1
935	 207	 1
935	 241	 1
936	 241	 1
936	 240	 1
937	 241	 1
937	 275	 1
938	 377	 1
938	 376	 1
939	 411	 1
939	 410	 1
940	 479	 1
940	 513	 1
941	 513	 1
941	 512	 1
942	 513	 1
942	 547	 1
943	 547	 1
943	 546	 1
944	 547	 1
944	 581	 1
945	 581	 1
945	 580	 1
946	 581	 1
946	 615	 1
947	 615	 1
947	 614	 1
948	 615	 1
948	 649	 1
949	 649	 1
949	 648	 1
950	 649	 1
950	 683	 1
951	 683	 1
951	 682	 1
952	 683	 1
952	 717	 1
953	 717	 1
953	 716	 1
954	 717	 1
954	 751	 1
955	 751	 1
955	 750	 1
956	 751	 1
956	 785	 1
957	 785	 1
957	 784	 1
958	 785	 1
958	 819	 1
959	 819	 1
959	 818	 1
960	 819	 1
960	 853	 1
961	 853	 1
961	 852	 1
962	 853	 1
962	 887	 1
963	 887	 1
963	 886	 1
964	 887	 1
964	 921	 1
965	 921	 1
965	 920	 1
966	 921	 1
966	 955	 1
967	 955	 1
967	 954	 1
968	 955	 1
968	 989	 1
969	 989	 1
969	 988	 1
970	 989	 1
970	 1023	 1
971	 1023	 1
971	 1022	 1
972	 1023	 1
972	 1057	 1
973	 1057	 1
973	 1056	 1
974	 1057	 1
974	 1091	 1
975	 1091	 1
975	 1090	 1
976	 1091	 1
976	 1125	 1
977	 1125	 1
977	 1124	 1
978	 3	 1
978	 4	 1
979	 4	 1
979	 38	 1
980	 38	 1
980	 37	 1
981	 38	 1
981	 72	 1
982	 72	 1
982	 71	 1
983	 72	 1
983	 106	 1
984	 106	 1
984	 105	 1
985	 106	 1
985	 140	 1
986	 140	 1
986	 139	 1
987	 140	 1
987	 174	 1
988	 174	 1
988	 173	 1
989	 174	 1
989	 208	 1
990	 208	 1
990	 207	 1
991	 208	 1
991	 242	 1
992	 242	 1
992	 241	 1
993	 446	 1
993	 480	 1
994	 480	 1
994	 479	 1
995	 480	 1
995	 514	 1
996	 514	 1
996	 513	 1
997	 514	 1
997	 548	 1
998	 548	 1
998	 547	 1
999	 548	 1
999	 582	 1
1000	 582	 1
1000	 581	 1
1001	 582	 1
1001	 616	 1
1002	 616	 1
1002	 615	 1
1003	 616	 1
1003	 650	 1
1004	 650	 1
1004	 649	 1
1005	 650	 1
1005	 684	 1
1006	 684	 1
1006	 683	 1
1007	 684	 1
1007	 718	 1
1008	 718	 1
1008	 717	 1
1009	 718	 1
1009	 752	 1
1010	 752	 1
1010	 751	 1
1011	 752	 1
1011	 786	 1
1012	 786	 1
1012	 785	 1
1013	 786	 1
1013	 820	 1
1014	 820	 1
1014	 819	 1
1015	 820	 1
1015	 854	 1
1016	 854	 1
1016	 853	 1
1017	 854	 1
1017	 888	 1
1018	 888	 1
1018	 887	 1
1019	 888	 1
1019	 922	 1
1020	 922	 1
1020	 921	 1
1021	 922	 1
1021	 956	 1
1022	 956	 1
1022	 955	 1
1023	 956	 1
1023	 990	 1
1024	 990	 1
1024	 989	 1
1025	 990	 1
1025	 1024	 1
1026	 1024	 1
1026	 1023	 1
1027	 1024	 1
1027	 1058	 1
1028	 1058	 1
1028	 1057	 1
1029	 1058	 1
1029	 1092	 1
1030	 1092	 1
1030	 1091	 1
1031	 1092	 1
1031	 1126	 1
1032	 1126	 1
1032	 1125	 1
1033	 4	 1
1033	 5	 1
1034	 5	 1
1034	 39	 1
1035	 39	 1
1035	 38	 1
1036	 39	 1
1036	 73	 1
1037	 73	 1
1037	 72	 1
1038	 73	 1
1038	 107	 1
1039	 107	 1
1039	 106	 1
1040	 107	 1
1040	 141	 1
1041	 141	 1
1041	 140	 1
1042	 141	 1
1042	 175	 1
1043	 175	 1
1043	 174	 1
1044	 175	 1
1044	 209	 1
1045	 209	 1
1045	 208	 1
1046	 209	 1
1046	 243	 1
1047	 379	 1
1047	 413	 1
1048	 413	 1
1048	 412	 1
1049	 413	 1
1049	 447	 1
1050	 447	 1
1050	 446	 1
1051	 447	 1
1051	 481	 1
1052	 481	 1
1052	 480	 1
1053	 481	 1
1053	 515	 1
1054	 515	 1
1054	 514	 1
1055	 515	 1
1055	 549	 1
1056	 549	 1
1056	 548	 1
1057	 549	 1
1057	 583	 1
1058	 583	 1
1058	 582	 1
1059	 583	 1
1059	 617	 1
1060	 617	 1
1060	 616	 1
1061	 617	 1
1061	 651	 1
1062	 651	 1
1062	 650	 1
1063	 651	 1
1063	 685	 1
1064	 685	 1
1064	 684	 1
1065	 719	 1
1065	 718	 1
1066	 719	 1
1066	 753	 1
1067	 753	 1
1067	 752	 1
1068	 753	 1
1068	 787	 1
1069	 787	 1
1069	 786	 1
1070	 787	 1
1070	 821	 1
1071	 821	 1
1071	 820	 1
1072	 821	 1
1072	 855	 1
1073	 855	 1
1073	 854	 1
1074	 855	 1
1074	 889	 1
1075	 889	 1
1075	 888	 1
1076	 889	 1
1076	 923	 1
1077	 923	 1
1077	 922	 1
1078	 957	 1
1078	 956	 1
1079	 957	 1
1079	 991	 1
1080	 991	 1
1080	 990	 1
1081	 991	 1
1081	 1025	 1
1082	 1025	 1
1082	 1024	 1
1083	 1059	 1
1083	 1058	 1
1084	 1059	 1
1084	 1093	 1
1085	 1093	 1
1085	 1092	 1
1086	 1093	 1
1086	 1127	 1
1087	 1127	 1
1087	 1126	 1
1088	 5	 1
1088	 6	 1
1089	 6	 1
1089	 40	 1
1090	 40	 1
1090	 39	 1
1091	 40	 1
1091	 74	 1
1092	 74	 1
1092	 73	 1
1093	 74	 1
1093	 108	 1
1094	 108	 1
1094	 107	 1
1095	 108	 1
1095	 142	 1
1096	 142	 1
1096	 141	 1
1097	 176	 1
1097	 175	 1
1098	 210	 1
1098	 209	 1
1099	 312	 1
1099	 346	 1
1100	 346	 1
1100	 345	 1
1101	 346	 1
1101	 380	 1
1102	 380	 1
1102	 379	 1
1103	 380	 1
1103	 414	 1
1104	 414	 1
1104	 413	 1
1105	 414	 1
1105	 448	 1
1106	 448	 1
1106	 447	 1
1107	 448	 1
1107	 482	 1
1108	 482	 1
1108	 481	 1
1109	 482	 1
1109	 516	 1
1110	 516	 1
1110	 515	 1
1111	 516	 1
1111	 550	 1
1112	 550	 1
1112	 549	 1
1113	 550	 1
1113	 584	 1
1114	 584	 1
1114	 583	 1
1115	 584	 1
1115	 618	 1
1116	 618	 1
1116	 617	 1
1117	 652	 1
1117	 651	 1
1118	 720	 1
1118	 754	 1
1119	 754	 1
1119	 753	 1
1120	 754	 1
1120	 788	 1
1121	 788	 1
1121	 787	 1
1122	 788	 1
1122	 822	 1
1123	 822	 1
1123	 821	 1
1124	 822	 1
1124	 856	 1
1125	 856	 1
1125	 855	 1
1126	 856	 1
1126	 890	 1
1127	 890	 1
1127	 889	 1
1128	 890	 1
1128	 924	 1
1129	 958	 1
1129	 992	 1
1130	 992	 1
1130	 991	 1
1131	 1060	 1
1131	 1094	 1
1132	 1094	 1
1132	 1093	 1
1133	 1094	 1
1133	 1128	 1
1134	 1128	 1
1134	 1127	 1
1135	 6	 1
1135	 7	 1
1136	 7	 1
1136	 41	 1
1137	 41	 1
1137	 40	 1
1138	 41	 1
1138	 75	 1
1139	 75	 1
1139	 74	 1
1140	 109	 1
1140	 108	 1
1141	 244	 1
1141	 245	 1
1142	 245	 1
1142	 279	 1
1143	 279	 1
1143	 278	 1
1144	 278	 1
1144	 244	 1
1145	 279	 1
1145	 313	 1
1146	 313	 1
1146	 312	 1
1147	 313	 1
1147	 347	 1
1148	 347	 1
1148	 346	 1
1149	 347	 1
1149	 381	 1
1150	 381	 1
1150	 380	 1
1151	 381	 1
1151	 415	 1
1152	 415	 1
1152	 414	 1
1153	 415	 1
1153	 449	 1
1154	 449	 1
1154	 448	 1
1155	 449	 1
1155	 483	 1
1156	 483	 1
1156	 482	 1
1157	 483	 1
1157	 517	 1
1158	 517	 1
1158	 516	 1
1159	 517	 1
1159	 551	 1
1160	 551	 1
1160	 550	 1
1161	 551	 1
1161	 585	 1
1162	 585	 1
1162	 584	 1
1163	 721	 1
1163	 755	 1
1164	 755	 1
1164	 754	 1
1165	 755	 1
1165	 789	 1
1166	 789	 1
1166	 788	 1
1167	 789	 1
1167	 823	 1
1168	 823	 1
1168	 822	 1
1169	 823	 1
1169	 857	 1
1170	 857	 1
1170	 856	 1
1171	 857	 1
1171	 891	 1
1172	 891	 1
1172	 890	 1
1173	 1061	 1
1173	 1095	 1
1174	 1095	 1
1174	 1094	 1
1175	 1095	 1
1175	 1129	 1
1176	 1129	 1
1176	 1128	 1
1177	 7	 1
1177	 8	 1
1178	 8	 1
1178	 42	 1
1179	 42	 1
1179	 41	 1
1180	 42	 1
1180	 76	 1
1181	 246	 1
1181	 280	 1
1182	 280	 1
1182	 279	 1
1183	 280	 1
1183	 314	 1
1184	 314	 1
1184	 313	 1
1185	 314	 1
1185	 348	 1
1186	 348	 1
1186	 347	 1
1187	 348	 1
1187	 382	 1
1188	 382	 1
1188	 381	 1
1189	 382	 1
1189	 416	 1
1190	 416	 1
1190	 415	 1
1191	 416	 1
1191	 450	 1
1192	 450	 1
1192	 449	 1
1193	 450	 1
1193	 484	 1
1194	 484	 1
1194	 483	 1
1195	 484	 1
1195	 518	 1
1196	 518	 1
1196	 517	 1
1197	 552	 1
1197	 551	 1
1198	 654	 1
1198	 688	 1
1199	 688	 1
1199	 687	 1
1200	 688	 1
1200	 722	 1
1201	 722	 1
1201	 721	 1
1202	 722	 1
1202	 756	 1
1203	 756	 1
1203	 755	 1
1204	 756	 1
1204	 790	 1
1205	 790	 1
1205	 789	 1
1206	 790	 1
1206	 824	 1
1207	 824	 1
1207	 823	 1
1208	 824	 1
1208	 858	 1
1209	 858	 1
1209	 857	 1
1210	 993	 1
1210	 994	 1
1211	 1028	 1
1211	 1027	 1
1212	 1028	 1
1212	 1062	 1
1213	 1062	 1
1213	 1061	 1
1214	 1062	 1
1214	 1096	 1
1215	 1096	 1
1215	 1095	 1
1216	 1096	 1
1216	 1130	 1
1217	 1130	 1
1217	 1129	 1
1218	 8	 1
1218	 9	 1
1219	 9	 1
1219	 43	 1
1220	 43	 1
1220	 42	 1
1221	 43	 1
1221	 77	 1
1222	 111	 1
1222	 145	 1
1223	 213	 1
1223	 247	 1
1224	 247	 1
1224	 246	 1
1225	 247	 1
1225	 281	 1
1226	 281	 1
1226	 280	 1
1227	 281	 1
1227	 315	 1
1228	 315	 1
1228	 314	 1
1229	 315	 1
1229	 349	 1
1230	 349	 1
1230	 348	 1
1231	 349	 1
1231	 383	 1
1232	 383	 1
1232	 382	 1
1233	 383	 1
1233	 417	 1
1234	 417	 1
1234	 416	 1
1235	 417	 1
1235	 451	 1
1236	 451	 1
1236	 450	 1
1237	 485	 1
1237	 484	 1
1238	 621	 1
1238	 655	 1
1239	 655	 1
1239	 654	 1
1240	 655	 1
1240	 689	 1
1241	 689	 1
1241	 688	 1
1242	 689	 1
1242	 723	 1
1243	 723	 1
1243	 722	 1
1244	 723	 1
1244	 757	 1
1245	 757	 1
1245	 756	 1
1246	 757	 1
1246	 791	 1
1247	 791	 1
1247	 790	 1
1248	 825	 1
1248	 824	 1
1249	 927	 1
1249	 961	 1
1250	 1029	 1
1250	 1063	 1
1251	 1063	 1
1251	 1062	 1
1252	 1063	 1
1252	 1097	 1
1253	 1097	 1
1253	 1096	 1
1254	 1097	 1
1254	 1131	 1
1255	 1131	 1
1255	 1130	 1
1256	 9	 1
1256	 10	 1
1257	 10	 1
1257	 44	 1
1258	 44	 1
1258	 43	 1
1259	 44	 1
1259	 78	 1
1260	 78	 1
1260	 77	 1
1261	 78	 1
1261	 112	 1
1262	 112	 1
1262	 111	 1
1263	 112	 1
1263	 146	 1
1264	 180	 1
1264	 214	 1
1265	 214	 1
1265	 213	 1
1266	 214	 1
1266	 248	 1
1267	 248	 1
1267	 247	 1
1268	 248	 1
1268	 282	 1
1269	 282	 1
1269	 281	 1
1270	 282	 1
1270	 316	 1
1271	 316	 1
1271	 315	 1
1272	 316	 1
1272	 350	 1
1273	 350	 1
1273	 349	 1
1274	 350	 1
1274	 384	 1
1275	 384	 1
1275	 383	 1
1276	 418	 1
1276	 417	 1
1277	 554	 1
1277	 588	 1
1278	 588	 1
1278	 587	 1
1279	 588	 1
1279	 622	 1
1280	 622	 1
1280	 621	 1
1281	 622	 1
1281	 656	 1
1282	 656	 1
1282	 655	 1
1283	 656	 1
1283	 690	 1
1284	 690	 1
1284	 689	 1
1285	 690	 1
1285	 724	 1
1286	 724	 1
1286	 723	 1
1287	 758	 1
1287	 757	 1
1288	 894	 1
1288	 928	 1
1289	 928	 1
1289	 927	 1
1290	 928	 1
1290	 962	 1
1291	 962	 1
1291	 961	 1
1292	 962	 1
1292	 996	 1
1293	 1064	 1
1293	 1063	 1
1294	 1064	 1
1294	 1098	 1
1295	 1098	 1
1295	 1097	 1
1296	 1098	 1
1296	 1132	 1
1297	 1132	 1
1297	 1131	 1
1298	 10	 1
1298	 11	 1
1299	 11	 1
1299	 45	 1
1300	 45	 1
1300	 44	 1
1301	 45	 1
1301	 79	 1
1302	 79	 1
1302	 78	 1
1303	 79	 1
1303	 113	 1
1304	 113	 1
1304	 112	 1
1305	 113	 1
1305	 147	 1
1306	 147	 1
1306	 146	 1
1307	 147	 1
1307	 181	 1
1308	 181	 1
1308	 180	 1
1309	 181	 1
1309	 215	 1
1310	 215	 1
1310	 214	 1
1311	 215	 1
1311	 249	 1
1312	 249	 1
1312	 248	 1
1313	 249	 1
1313	 283	 1
1314	 283	 1
1314	 282	 1
1315	 283	 1
1315	 317	 1
1316	 317	 1
1316	 316	 1
1317	 351	 1
1317	 350	 1
1318	 487	 1
1318	 521	 1
1319	 521	 1
1319	 520	 1
1320	 521	 1
1320	 555	 1
1321	 555	 1
1321	 554	 1
1322	 555	 1
1322	 589	 1
1323	 589	 1
1323	 588	 1
1324	 589	 1
1324	 623	 1
1325	 623	 1
1325	 622	 1
1326	 623	 1
1326	 657	 1
1327	 657	 1
1327	 656	 1
1328	 657	 1
1328	 691	 1
1329	 691	 1
1329	 690	 1
1330	 827	 1
1330	 861	 1
1331	 861	 1
1331	 860	 1
1332	 861	 1
1332	 895	 1
1333	 895	 1
1333	 894	 1
1334	 895	 1
1334	 929	 1
1335	 929	 1
1335	 928	 1
1336	 929	 1
1336	 963	 1
1337	 963	 1
1337	 962	 1
1338	 963	 1
1338	 997	 1
1339	 1065	 1
1339	 1099	 1
1340	 1099	 1
1340	 1098	 1
1341	 1099	 1
1341	 1133	 1
1342	 1133	 1
1342	 1132	 1
1343	 11	 1
1343	 12	 1
1344	 12	 1
1344	 46	 1
1345	 46	 1
1345	 45	 1
1346	 46	 1
1346	 80	 1
1347	 80	 1
1347	 79	 1
1348	 80	 1
1348	 114	 1
1349	 114	 1
1349	 113	 1
1350	 114	 1
1350	 148	 1
1351	 148	 1
1351	 147	 1
1352	 148	 1
1352	 182	 1
1353	 182	 1
1353	 181	 1
1354	 182	 1
1354	 216	 1
1355	 216	 1
1355	 215	 1
1356	 216	 1
1356	 250	 1
1357	 250	 1
1357	 249	 1
1358	 250	 1
1358	 284	 1
1359	 284	 1
1359	 283	 1
1360	 420	 1
1360	 454	 1
1361	 454	 1
1361	 453	 1
1362	 454	 1
1362	 488	 1
1363	 488	 1
1363	 487	 1
1364	 488	 1
1364	 522	 1
1365	 522	 1
1365	 521	 1
1366	 522	 1
1366	 556	 1
1367	 556	 1
1367	 555	 1
1368	 556	 1
1368	 590	 1
1369	 590	 1
1369	 589	 1
1370	 590	 1
1370	 624	 1
1371	 624	 1
1371	 623	 1
1372	 658	 1
1372	 657	 1
1373	 760	 1
1373	 794	 1
1374	 794	 1
1374	 793	 1
1375	 794	 1
1375	 828	 1
1376	 828	 1
1376	 827	 1
1377	 828	 1
1377	 862	 1
1378	 862	 1
1378	 861	 1
1379	 862	 1
1379	 896	 1
1380	 896	 1
1380	 895	 1
1381	 896	 1
1381	 930	 1
1382	 930	 1
1382	 929	 1
1383	 930	 1
1383	 964	 1
1384	 964	 1
1384	 963	 1
1385	 964	 1
1385	 998	 1
1386	 998	 1
1386	 997	 1
1387	 998	 1
1387	 1032	 1
1388	 1066	 1
1388	 1100	 1
1389	 1100	 1
1389	 1099	 1
1390	 1134	 1
1390	 1133	 1
1391	 12	 1
1391	 13	 1
1392	 13	 1
1392	 47	 1
1393	 47	 1
1393	 46	 1
1394	 47	 1
1394	 81	 1
1395	 81	 1
1395	 80	 1
1396	 81	 1
1396	 115	 1
1397	 115	 1
1397	 114	 1
1398	 115	 1
1398	 149	 1
1399	 149	 1
1399	 148	 1
1400	 149	 1
1400	 183	 1
1401	 183	 1
1401	 182	 1
1402	 183	 1
1402	 217	 1
1403	 217	 1
1403	 216	 1
1404	 251	 1
1404	 250	 1
1405	 353	 1
1405	 387	 1
1406	 387	 1
1406	 386	 1
1407	 387	 1
1407	 421	 1
1408	 421	 1
1408	 420	 1
1409	 421	 1
1409	 455	 1
1410	 455	 1
1410	 454	 1
1411	 455	 1
1411	 489	 1
1412	 489	 1
1412	 488	 1
1413	 489	 1
1413	 523	 1
1414	 523	 1
1414	 522	 1
1415	 523	 1
1415	 557	 1
1416	 557	 1
1416	 556	 1
1417	 591	 1
1417	 590	 1
1418	 727	 1
1418	 761	 1
1419	 761	 1
1419	 760	 1
1420	 761	 1
1420	 795	 1
1421	 795	 1
1421	 794	 1
1422	 795	 1
1422	 829	 1
1423	 829	 1
1423	 828	 1
1424	 829	 1
1424	 863	 1
1425	 863	 1
1425	 862	 1
1426	 863	 1
1426	 897	 1
1427	 897	 1
1427	 896	 1
1428	 897	 1
1428	 931	 1
1429	 931	 1
1429	 930	 1
1430	 931	 1
1430	 965	 1
1431	 965	 1
1431	 964	 1
1432	 965	 1
1432	 999	 1
1433	 999	 1
1433	 998	 1
1434	 999	 1
1434	 1033	 1
1435	 13	 1
1435	 14	 1
1436	 14	 1
1436	 48	 1
1437	 48	 1
1437	 47	 1
1438	 48	 1
1438	 82	 1
1439	 82	 1
1439	 81	 1
1440	 82	 1
1440	 116	 1
1441	 116	 1
1441	 115	 1
1442	 116	 1
1442	 150	 1
1443	 150	 1
1443	 149	 1
1444	 184	 1
1444	 183	 1
1445	 320	 1
1445	 354	 1
1446	 354	 1
1446	 353	 1
1447	 354	 1
1447	 388	 1
1448	 388	 1
1448	 387	 1
1449	 388	 1
1449	 422	 1
1450	 422	 1
1450	 421	 1
1451	 422	 1
1451	 456	 1
1452	 456	 1
1452	 455	 1
1453	 456	 1
1453	 490	 1
1454	 490	 1
1454	 489	 1
1455	 490	 1
1455	 524	 1
1456	 524	 1
1456	 523	 1
1457	 524	 1
1457	 558	 1
1458	 660	 1
1458	 694	 1
1459	 694	 1
1459	 693	 1
1460	 694	 1
1460	 728	 1
1461	 728	 1
1461	 727	 1
1462	 728	 1
1462	 762	 1
1463	 762	 1
1463	 761	 1
1464	 762	 1
1464	 796	 1
1465	 796	 1
1465	 795	 1
1466	 796	 1
1466	 830	 1
1467	 830	 1
1467	 829	 1
1468	 830	 1
1468	 864	 1
1469	 864	 1
1469	 863	 1
1470	 864	 1
1470	 898	 1
1471	 898	 1
1471	 897	 1
1472	 898	 1
1472	 932	 1
1473	 932	 1
1473	 931	 1
1474	 932	 1
1474	 966	 1
1475	 966	 1
1475	 965	 1
1476	 966	 1
1476	 1000	 1
1477	 1000	 1
1477	 999	 1
1478	 1000	 1
1478	 1034	 1
1479	 1034	 1
1479	 1033	 1
1480	 1068	 1
1480	 1067	 1
1481	 1101	 1
1481	 1102	 1
1482	 1136	 1
1482	 1135	 1
1483	 14	 1
1483	 15	 1
1484	 15	 1
1484	 49	 1
1485	 49	 1
1485	 48	 1
1486	 49	 1
1486	 83	 1
1487	 83	 1
1487	 82	 1
1488	 117	 1
1488	 116	 1
1489	 253	 1
1489	 287	 1
1490	 287	 1
1490	 286	 1
1491	 287	 1
1491	 321	 1
1492	 321	 1
1492	 320	 1
1493	 321	 1
1493	 355	 1
1494	 355	 1
1494	 354	 1
1495	 355	 1
1495	 389	 1
1496	 389	 1
1496	 388	 1
1497	 389	 1
1497	 423	 1
1498	 423	 1
1498	 422	 1
1499	 423	 1
1499	 457	 1
1500	 457	 1
1500	 456	 1
1501	 457	 1
1501	 491	 1
1502	 491	 1
1502	 490	 1
1503	 491	 1
1503	 525	 1
1504	 525	 1
1504	 524	 1
1505	 525	 1
1505	 559	 1
1506	 593	 1
1506	 627	 1
1507	 627	 1
1507	 626	 1
1508	 627	 1
1508	 661	 1
1509	 661	 1
1509	 660	 1
1510	 661	 1
1510	 695	 1
1511	 695	 1
1511	 694	 1
1512	 695	 1
1512	 729	 1
1513	 729	 1
1513	 728	 1
1514	 729	 1
1514	 763	 1
1515	 763	 1
1515	 762	 1
1516	 763	 1
1516	 797	 1
1517	 797	 1
1517	 796	 1
1518	 797	 1
1518	 831	 1
1519	 831	 1
1519	 830	 1
1520	 831	 1
1520	 865	 1
1521	 865	 1
1521	 864	 1
1522	 865	 1
1522	 899	 1
1523	 899	 1
1523	 898	 1
1524	 899	 1
1524	 933	 1
1525	 933	 1
1525	 932	 1
1526	 933	 1
1526	 967	 1
1527	 967	 1
1527	 966	 1
1528	 967	 1
1528	 1001	 1
1529	 1001	 1
1529	 1000	 1
1530	 1001	 1
1530	 1035	 1
1531	 15	 1
1531	 16	 1
1532	 16	 1
1532	 50	 1
1533	 50	 1
1533	 49	 1
1534	 50	 1
1534	 84	 1
1535	 186	 1
1535	 220	 1
1536	 220	 1
1536	 219	 1
1537	 220	 1
1537	 254	 1
1538	 254	 1
1538	 253	 1
1539	 254	 1
1539	 288	 1
1540	 288	 1
1540	 287	 1
1541	 288	 1
1541	 322	 1
1542	 322	 1
1542	 321	 1
1543	 322	 1
1543	 356	 1
1544	 356	 1
1544	 355	 1
1545	 356	 1
1545	 390	 1
1546	 390	 1
1546	 389	 1
1547	 390	 1
1547	 424	 1
1548	 424	 1
1548	 423	 1
1549	 424	 1
1549	 458	 1
1550	 458	 1
1550	 457	 1
1551	 458	 1
1551	 492	 1
1552	 492	 1
1552	 491	 1
1553	 492	 1
1553	 526	 1
1554	 526	 1
1554	 525	 1
1555	 526	 1
1555	 560	 1
1556	 560	 1
1556	 559	 1
1557	 560	 1
1557	 594	 1
1558	 594	 1
1558	 593	 1
1559	 594	 1
1559	 628	 1
1560	 628	 1
1560	 627	 1
1561	 628	 1
1561	 662	 1
1562	 662	 1
1562	 661	 1
1563	 662	 1
1563	 696	 1
1564	 696	 1
1564	 695	 1
1565	 696	 1
1565	 730	 1
1566	 730	 1
1566	 729	 1
1567	 730	 1
1567	 764	 1
1568	 764	 1
1568	 763	 1
1569	 764	 1
1569	 798	 1
1570	 798	 1
1570	 797	 1
1571	 798	 1
1571	 832	 1
1572	 832	 1
1572	 831	 1
1573	 832	 1
1573	 866	 1
1574	 866	 1
1574	 865	 1
1575	 866	 1
1575	 900	 1
1576	 900	 1
1576	 899	 1
1577	 900	 1
1577	 934	 1
1578	 934	 1
1578	 933	 1
1579	 934	 1
1579	 968	 1
1580	 968	 1
1580	 967	 1
1581	 968	 1
1581	 1002	 1
1582	 1002	 1
1582	 1001	 1
1583	 1070	 1
1583	 1104	 1
1584	 1104	 1
1584	 1103	 1
1585	 1103	 1
1585	 1069	 1
1586	 1104	 1
1586	 1138	 1
1587	 1138	 1
1587	 1137	 1
1588	 16	 1
1588	 17	 1
1589	 17	 1
1589	 51	 1
1590	 51	 1
1590	 50	 1
1591	 51	 1
1591	 85	 1
1592	 85	 1
1592	 84	 1
1593	 85	 1
1593	 119	 1
1594	 119	 1
1594	 118	 1
1595	 119	 1
1595	 153	 1
1596	 153	 1
1596	 152	 1
1597	 153	 1
1597	 187	 1
1598	 187	 1
1598	 186	 1
1599	 187	 1
1599	 221	 1
1600	 221	 1
1600	 220	 1
1601	 221	 1
1601	 255	 1
1602	 255	 1
1602	 254	 1
1603	 255	 1
1603	 289	 1
1604	 289	 1
1604	 288	 1
1605	 289	 1
1605	 323	 1
1606	 323	 1
1606	 322	 1
1607	 323	 1
1607	 357	 1
1608	 357	 1
1608	 356	 1
1609	 357	 1
1609	 391	 1
1610	 391	 1
1610	 390	 1
1611	 391	 1
1611	 425	 1
1612	 425	 1
1612	 424	 1
1613	 425	 1
1613	 459	 1
1614	 459	 1
1614	 458	 1
1615	 459	 1
1615	 493	 1
1616	 493	 1
1616	 492	 1
1617	 493	 1
1617	 527	 1
1618	 527	 1
1618	 526	 1
1619	 527	 1
1619	 561	 1
1620	 561	 1
1620	 560	 1
1621	 561	 1
1621	 595	 1
1622	 595	 1
1622	 594	 1
1623	 595	 1
1623	 629	 1
1624	 629	 1
1624	 628	 1
1625	 629	 1
1625	 663	 1
1626	 663	 1
1626	 662	 1
1627	 663	 1
1627	 697	 1
1628	 697	 1
1628	 696	 1
1629	 697	 1
1629	 731	 1
1630	 731	 1
1630	 730	 1
1631	 731	 1
1631	 765	 1
1632	 765	 1
1632	 764	 1
1633	 765	 1
1633	 799	 1
1634	 799	 1
1634	 798	 1
1635	 799	 1
1635	 833	 1
1636	 833	 1
1636	 832	 1
1637	 833	 1
1637	 867	 1
1638	 867	 1
1638	 866	 1
1639	 867	 1
1639	 901	 1
1640	 901	 1
1640	 900	 1
1641	 901	 1
1641	 935	 1
1642	 935	 1
1642	 934	 1
1643	 935	 1
1643	 969	 1
1644	 969	 1
1644	 968	 1
1645	 1071	 1
1645	 1105	 1
1646	 1105	 1
1646	 1104	 1
1647	 1105	 1
1647	 1139	 1
1648	 1139	 1
1648	 1138	 1
1649	 17	 1
1649	 18	 1
1650	 18	 1
1650	 52	 1
1651	 52	 1
1651	 51	 1
1652	 52	 1
1652	 86	 1
1653	 86	 1
1653	 85	 1
1654	 86	 1
1654	 120	 1
1655	 120	 1
1655	 119	 1
1656	 120	 1
1656	 154	 1
1657	 154	 1
1657	 153	 1
1658	 154	 1
1658	 188	 1
1659	 188	 1
1659	 187	 1
1660	 188	 1
1660	 222	 1
1661	 222	 1
1661	 221	 1
1662	 222	 1
1662	 256	 1
1663	 256	 1
1663	 255	 1
1664	 256	 1
1664	 290	 1
1665	 290	 1
1665	 289	 1
1666	 290	 1
1666	 324	 1
1667	 324	 1
1667	 323	 1
1668	 324	 1
1668	 358	 1
1669	 358	 1
1669	 357	 1
1670	 358	 1
1670	 392	 1
1671	 392	 1
1671	 391	 1
1672	 392	 1
1672	 426	 1
1673	 426	 1
1673	 425	 1
1674	 426	 1
1674	 460	 1
1675	 460	 1
1675	 459	 1
1676	 460	 1
1676	 494	 1
1677	 494	 1
1677	 493	 1
1678	 494	 1
1678	 528	 1
1679	 528	 1
1679	 527	 1
1680	 528	 1
1680	 562	 1
1681	 562	 1
1681	 561	 1
1682	 562	 1
1682	 596	 1
1683	 596	 1
1683	 595	 1
1684	 596	 1
1684	 630	 1
1685	 630	 1
1685	 629	 1
1686	 630	 1
1686	 664	 1
1687	 664	 1
1687	 663	 1
1688	 664	 1
1688	 698	 1
1689	 698	 1
1689	 697	 1
1690	 698	 1
1690	 732	 1
1691	 732	 1
1691	 731	 1
1692	 732	 1
1692	 766	 1
1693	 766	 1
1693	 765	 1
1694	 766	 1
1694	 800	 1
1695	 800	 1
1695	 799	 1
1696	 800	 1
1696	 834	 1
1697	 834	 1
1697	 833	 1
1698	 834	 1
1698	 868	 1
1699	 868	 1
1699	 867	 1
1700	 868	 1
1700	 902	 1
1701	 902	 1
1701	 901	 1
1702	 902	 1
1702	 936	 1
1703	 936	 1
1703	 935	 1
1704	 936	 1
1704	 970	 1
1705	 1038	 1
1705	 1072	 1
1706	 1072	 1
1706	 1071	 1
1707	 1072	 1
1707	 1106	 1
1708	 1106	 1
1708	 1105	 1
1709	 1106	 1
1709	 1140	 1
1710	 1140	 1
1710	 1139	 1
1711	 18	 1
1711	 19	 1
1712	 19	 1
1712	 53	 1
1713	 53	 1
1713	 52	 1
1714	 53	 1
1714	 87	 1
1715	 87	 1
1715	 86	 1
1716	 87	 1
1716	 121	 1
1717	 121	 1
1717	 120	 1
1718	 121	 1
1718	 155	 1
1719	 155	 1
1719	 154	 1
1720	 155	 1
1720	 189	 1
1721	 189	 1
1721	 188	 1
1722	 189	 1
1722	 223	 1
1723	 223	 1
1723	 222	 1
1724	 223	 1
1724	 257	 1
1725	 257	 1
1725	 256	 1
1726	 257	 1
1726	 291	 1
1727	 291	 1
1727	 290	 1
1728	 291	 1
1728	 325	 1
1729	 325	 1
1729	 324	 1
1730	 325	 1
1730	 359	 1
1731	 359	 1
1731	 358	 1
1732	 359	 1
1732	 393	 1
1733	 393	 1
1733	 392	 1
1734	 393	 1
1734	 427	 1
1735	 427	 1
1735	 426	 1
1736	 427	 1
1736	 461	 1
1737	 461	 1
1737	 460	 1
1738	 461	 1
1738	 495	 1
1739	 495	 1
1739	 494	 1
1740	 495	 1
1740	 529	 1
1741	 529	 1
1741	 528	 1
1742	 529	 1
1742	 563	 1
1743	 563	 1
1743	 562	 1
1744	 563	 1
1744	 597	 1
1745	 597	 1
1745	 596	 1
1746	 597	 1
1746	 631	 1
1747	 631	 1
1747	 630	 1
1748	 631	 1
1748	 665	 1
1749	 665	 1
1749	 664	 1
1750	 665	 1
1750	 699	 1
1751	 699	 1
1751	 698	 1
1752	 699	 1
1752	 733	 1
1753	 733	 1
1753	 732	 1
1754	 733	 1
1754	 767	 1
1755	 767	 1
1755	 766	 1
1756	 767	 1
1756	 801	 1
1757	 801	 1
1757	 800	 1
1758	 801	 1
1758	 835	 1
1759	 835	 1
1759	 834	 1
1760	 835	 1
1760	 869	 1
1761	 869	 1
1761	 868	 1
1762	 869	 1
1762	 903	 1
1763	 903	 1
1763	 902	 1
1764	 903	 1
1764	 937	 1
1765	 937	 1
1765	 936	 1
1766	 1005	 1
1766	 1039	 1
1767	 1039	 1
1767	 1038	 1
1768	 1039	 1
1768	 1073	 1
1769	 1073	 1
1769	 1072	 1
1770	 1073	 1
1770	 1107	 1
1771	 1107	 1
1771	 1106	 1
1772	 1107	 1
1772	 1141	 1
1773	 1141	 1
1773	 1140	 1
1774	 19	 1
1774	 20	 1
1775	 20	 1
1775	 54	 1
1776	 54	 1
1776	 53	 1
1777	 54	 1
1777	 88	 1
1778	 88	 1
1778	 87	 1
1779	 88	 1
1779	 122	 1
1780	 122	 1
1780	 121	 1
1781	 122	 1
1781	 156	 1
1782	 156	 1
1782	 155	 1
1783	 156	 1
1783	 190	 1
1784	 190	 1
1784	 189	 1
1785	 190	 1
1785	 224	 1
1786	 224	 1
1786	 223	 1
1787	 224	 1
1787	 258	 1
1788	 258	 1
1788	 257	 1
1789	 258	 1
1789	 292	 1
1790	 292	 1
1790	 291	 1
1791	 292	 1
1791	 326	 1
1792	 326	 1
1792	 325	 1
1793	 326	 1
1793	 360	 1
1794	 360	 1
1794	 359	 1
1795	 360	 1
1795	 394	 1
1796	 394	 1
1796	 393	 1
1797	 394	 1
1797	 428	 1
1798	 428	 1
1798	 427	 1
1799	 462	 1
1799	 461	 1
1800	 462	 1
1800	 496	 1
1801	 496	 1
1801	 495	 1
1802	 496	 1
1802	 530	 1
1803	 530	 1
1803	 529	 1
1804	 530	 1
1804	 564	 1
1805	 564	 1
1805	 563	 1
1806	 564	 1
1806	 598	 1
1807	 598	 1
1807	 597	 1
1808	 598	 1
1808	 632	 1
1809	 632	 1
1809	 631	 1
1810	 632	 1
1810	 666	 1
1811	 666	 1
1811	 665	 1
1812	 666	 1
1812	 700	 1
1813	 700	 1
1813	 699	 1
1814	 700	 1
1814	 734	 1
1815	 734	 1
1815	 733	 1
1816	 734	 1
1816	 768	 1
1817	 768	 1
1817	 767	 1
1818	 768	 1
1818	 802	 1
1819	 802	 1
1819	 801	 1
1820	 802	 1
1820	 836	 1
1821	 836	 1
1821	 835	 1
1822	 836	 1
1822	 870	 1
1823	 870	 1
1823	 869	 1
1824	 870	 1
1824	 904	 1
1825	 904	 1
1825	 903	 1
1826	 904	 1
1826	 938	 1
1827	 1006	 1
1827	 1040	 1
1828	 1040	 1
1828	 1039	 1
1829	 1040	 1
1829	 1074	 1
1830	 1074	 1
1830	 1073	 1
1831	 1074	 1
1831	 1108	 1
1832	 1108	 1
1832	 1107	 1
1833	 1108	 1
1833	 1142	 1
1834	 1142	 1
1834	 1141	 1
1835	 20	 1
1835	 21	 1
1836	 21	 1
1836	 55	 1
1837	 55	 1
1837	 54	 1
1838	 55	 1
1838	 89	 1
1839	 89	 1
1839	 88	 1
1840	 89	 1
1840	 123	 1
1841	 123	 1
1841	 122	 1
1842	 123	 1
1842	 157	 1
1843	 157	 1
1843	 156	 1
1844	 157	 1
1844	 191	 1
1845	 191	 1
1845	 190	 1
1846	 191	 1
1846	 225	 1
1847	 225	 1
1847	 224	 1
1848	 225	 1
1848	 259	 1
1849	 259	 1
1849	 258	 1
1850	 259	 1
1850	 293	 1
1851	 293	 1
1851	 292	 1
1852	 293	 1
1852	 327	 1
1853	 327	 1
1853	 326	 1
1854	 327	 1
1854	 361	 1
1855	 361	 1
1855	 360	 1
1856	 361	 1
1856	 395	 1
1857	 395	 1
1857	 394	 1
1858	 395	 1
1858	 429	 1
1859	 463	 1
1859	 497	 1
1860	 497	 1
1860	 496	 1
1861	 497	 1
1861	 531	 1
1862	 531	 1
1862	 530	 1
1863	 531	 1
1863	 565	 1
1864	 565	 1
1864	 564	 1
1865	 565	 1
1865	 599	 1
1866	 599	 1
1866	 598	 1
1867	 599	 1
1867	 633	 1
1868	 633	 1
1868	 632	 1
1869	 633	 1
1869	 667	 1
1870	 667	 1
1870	 666	 1
1871	 667	 1
1871	 701	 1
1872	 701	 1
1872	 700	 1
1873	 701	 1
1873	 735	 1
1874	 735	 1
1874	 734	 1
1875	 735	 1
1875	 769	 1
1876	 769	 1
1876	 768	 1
1877	 769	 1
1877	 803	 1
1878	 803	 1
1878	 802	 1
1879	 803	 1
1879	 837	 1
1880	 837	 1
1880	 836	 1
1881	 837	 1
1881	 871	 1
1882	 871	 1
1882	 870	 1
1883	 871	 1
1883	 905	 1
1884	 905	 1
1884	 904	 1
1885	 973	 1
1885	 1007	 1
1886	 1007	 1
1886	 1006	 1
1887	 1007	 1
1887	 1041	 1
1888	 1041	 1
1888	 1040	 1
1889	 1041	 1
1889	 1075	 1
1890	 1075	 1
1890	 1074	 1
1891	 1075	 1
1891	 1109	 1
1892	 1109	 1
1892	 1108	 1
1893	 1109	 1
1893	 1143	 1
1894	 1143	 1
1894	 1142	 1
1895	 21	 1
1895	 22	 1
1896	 22	 1
1896	 56	 1
1897	 56	 1
1897	 55	 1
1898	 56	 1
1898	 90	 1
1899	 90	 1
1899	 89	 1
1900	 90	 1
1900	 124	 1
1901	 124	 1
1901	 123	 1
1902	 124	 1
1902	 158	 1
1903	 158	 1
1903	 157	 1
1904	 158	 1
1904	 192	 1
1905	 192	 1
1905	 191	 1
1906	 192	 1
1906	 226	 1
1907	 226	 1
1907	 225	 1
1908	 226	 1
1908	 260	 1
1909	 260	 1
1909	 259	 1
1910	 260	 1
1910	 294	 1
1911	 294	 1
1911	 293	 1
1912	 294	 1
1912	 328	 1
1913	 328	 1
1913	 327	 1
1914	 328	 1
1914	 362	 1
1915	 362	 1
1915	 361	 1
1916	 362	 1
1916	 396	 1
1917	 396	 1
1917	 395	 1
1918	 464	 1
1918	 498	 1
1919	 498	 1
1919	 497	 1
1920	 498	 1
1920	 532	 1
1921	 532	 1
1921	 531	 1
1922	 532	 1
1922	 566	 1
1923	 566	 1
1923	 565	 1
1924	 566	 1
1924	 600	 1
1925	 600	 1
1925	 599	 1
1926	 600	 1
1926	 634	 1
1927	 634	 1
1927	 633	 1
1928	 634	 1
1928	 668	 1
1929	 668	 1
1929	 667	 1
1930	 668	 1
1930	 702	 1
1931	 702	 1
1931	 701	 1
1932	 702	 1
1932	 736	 1
1933	 736	 1
1933	 735	 1
1934	 736	 1
1934	 770	 1
1935	 770	 1
1935	 769	 1
1936	 770	 1
1936	 804	 1
1937	 804	 1
1937	 803	 1
1938	 804	 1
1938	 838	 1
1939	 838	 1
1939	 837	 1
1940	 838	 1
1940	 872	 1
1941	 872	 1
1941	 871	 1
1942	 974	 1
1942	 1008	 1
1943	 1008	 1
1943	 1007	 1
1944	 1008	 1
1944	 1042	 1
1945	 1042	 1
1945	 1041	 1
1946	 1042	 1
1946	 1076	 1
1947	 1076	 1
1947	 1075	 1
1948	 1076	 1
1948	 1110	 1
1949	 1110	 1
1949	 1109	 1
1950	 1110	 1
1950	 1144	 1
1951	 1144	 1
1951	 1143	 1
1952	 22	 1
1952	 23	 1
1953	 23	 1
1953	 57	 1
1954	 57	 1
1954	 56	 1
1955	 57	 1
1955	 91	 1
1956	 91	 1
1956	 90	 1
1957	 91	 1
1957	 125	 1
1958	 125	 1
1958	 124	 1
1959	 125	 1
1959	 159	 1
1960	 159	 1
1960	 158	 1
1961	 159	 1
1961	 193	 1
1962	 193	 1
1962	 192	 1
1963	 193	 1
1963	 227	 1
1964	 227	 1
1964	 226	 1
1965	 227	 1
1965	 261	 1
1966	 261	 1
1966	 260	 1
1967	 261	 1
1967	 295	 1
1968	 295	 1
1968	 294	 1
1969	 295	 1
1969	 329	 1
1970	 329	 1
1970	 328	 1
1971	 329	 1
1971	 363	 1
1972	 363	 1
1972	 362	 1
1973	 363	 1
1973	 397	 1
1974	 431	 1
1974	 465	 1
1975	 465	 1
1975	 464	 1
1976	 465	 1
1976	 499	 1
1977	 499	 1
1977	 498	 1
1978	 499	 1
1978	 533	 1
1979	 533	 1
1979	 532	 1
1980	 533	 1
1980	 567	 1
1981	 567	 1
1981	 566	 1
1982	 567	 1
1982	 601	 1
1983	 601	 1
1983	 600	 1
1984	 601	 1
1984	 635	 1
1985	 635	 1
1985	 634	 1
1986	 635	 1
1986	 669	 1
1987	 669	 1
1987	 668	 1
1988	 669	 1
1988	 703	 1
1989	 703	 1
1989	 702	 1
1990	 703	 1
1990	 737	 1
1991	 737	 1
1991	 736	 1
1992	 737	 1
1992	 771	 1
1993	 771	 1
1993	 770	 1
1994	 805	 1
1994	 804	 1
1995	 839	 1
1995	 838	 1
1996	 975	 1
1996	 1009	 1
1997	 1009	 1
1997	 1008	 1
1998	 1009	 1
1998	 1043	 1
1999	 1043	 1
1999	 1042	 1
2000	 1043	 1
2000	 1077	 1
2001	 1077	 1
2001	 1076	 1
2002	 1077	 1
2002	 1111	 1
2003	 1111	 1
2003	 1110	 1
2004	 1111	 1
2004	 1145	 1
2005	 1145	 1
2005	 1144	 1
2006	 23	 1
2006	 24	 1
2007	 24	 1
2007	 58	 1
2008	 58	 1
2008	 57	 1
2009	 58	 1
2009	 92	 1
2010	 92	 1
2010	 91	 1
2011	 92	 1
2011	 126	 1
2012	 126	 1
2012	 125	 1
2013	 126	 1
2013	 160	 1
2014	 160	 1
2014	 159	 1
2015	 160	 1
2015	 194	 1
2016	 194	 1
2016	 193	 1
2017	 194	 1
2017	 228	 1
2018	 228	 1
2018	 227	 1
2019	 228	 1
2019	 262	 1
2020	 262	 1
2020	 261	 1
2021	 296	 1
2021	 295	 1
2022	 296	 1
2022	 330	 1
2023	 330	 1
2023	 329	 1
2024	 330	 1
2024	 364	 1
2025	 364	 1
2025	 363	 1
2026	 432	 1
2026	 466	 1
2027	 466	 1
2027	 465	 1
2028	 466	 1
2028	 500	 1
2029	 500	 1
2029	 499	 1
2030	 500	 1
2030	 534	 1
2031	 534	 1
2031	 533	 1
2032	 534	 1
2032	 568	 1
2033	 568	 1
2033	 567	 1
2034	 568	 1
2034	 602	 1
2035	 602	 1
2035	 601	 1
2036	 602	 1
2036	 636	 1
2037	 636	 1
2037	 635	 1
2038	 636	 1
2038	 670	 1
2039	 670	 1
2039	 669	 1
2040	 704	 1
2040	 703	 1
2041	 738	 1
2041	 737	 1
2042	 942	 1
2042	 976	 1
2043	 976	 1
2043	 975	 1
2044	 976	 1
2044	 1010	 1
2045	 1010	 1
2045	 1009	 1
2046	 1010	 1
2046	 1044	 1
2047	 1044	 1
2047	 1043	 1
2048	 1044	 1
2048	 1078	 1
2049	 1078	 1
2049	 1077	 1
2050	 1078	 1
2050	 1112	 1
2051	 1112	 1
2051	 1111	 1
2052	 1112	 1
2052	 1146	 1
2053	 1146	 1
2053	 1145	 1
2054	 24	 1
2054	 25	 1
2055	 25	 1
2055	 59	 1
2056	 59	 1
2056	 58	 1
2057	 59	 1
2057	 93	 1
2058	 93	 1
2058	 92	 1
2059	 93	 1
2059	 127	 1
2060	 127	 1
2060	 126	 1
2061	 127	 1
2061	 161	 1
2062	 161	 1
2062	 160	 1
2063	 161	 1
2063	 195	 1
2064	 195	 1
2064	 194	 1
2065	 195	 1
2065	 229	 1
2066	 229	 1
2066	 228	 1
2067	 297	 1
2067	 331	 1
2068	 331	 1
2068	 330	 1
2069	 331	 1
2069	 365	 1
2070	 433	 1
2070	 467	 1
2071	 467	 1
2071	 466	 1
2072	 467	 1
2072	 501	 1
2073	 501	 1
2073	 500	 1
2074	 501	 1
2074	 535	 1
2075	 535	 1
2075	 534	 1
2076	 569	 1
2076	 568	 1
2077	 603	 1
2077	 602	 1
2078	 637	 1
2078	 636	 1
2079	 807	 1
2079	 841	 1
2080	 909	 1
2080	 943	 1
2081	 943	 1
2081	 942	 1
2082	 943	 1
2082	 977	 1
2083	 977	 1
2083	 976	 1
2084	 977	 1
2084	 1011	 1
2085	 1011	 1
2085	 1010	 1
2086	 1011	 1
2086	 1045	 1
2087	 1045	 1
2087	 1044	 1
2088	 1045	 1
2088	 1079	 1
2089	 1079	 1
2089	 1078	 1
2090	 1113	 1
2090	 1112	 1
2091	 1113	 1
2091	 1147	 1
2092	 1147	 1
2092	 1146	 1
2093	 25	 1
2093	 26	 1
2094	 26	 1
2094	 60	 1
2095	 60	 1
2095	 59	 1
2096	 60	 1
2096	 94	 1
2097	 94	 1
2097	 93	 1
2098	 94	 1
2098	 128	 1
2099	 128	 1
2099	 127	 1
2100	 128	 1
2100	 162	 1
2101	 162	 1
2101	 161	 1
2102	 162	 1
2102	 196	 1
2103	 196	 1
2103	 195	 1
2104	 196	 1
2104	 230	 1
2105	 298	 1
2105	 332	 1
2106	 332	 1
2106	 331	 1
2107	 400	 1
2107	 434	 1
2108	 434	 1
2108	 433	 1
2109	 468	 1
2109	 467	 1
2110	 502	 1
2110	 501	 1
2111	 672	 1
2111	 706	 1
2112	 706	 1
2112	 705	 1
2113	 706	 1
2113	 740	 1
2114	 740	 1
2114	 739	 1
2115	 740	 1
2115	 774	 1
2116	 774	 1
2116	 773	 1
2117	 774	 1
2117	 808	 1
2118	 808	 1
2118	 807	 1
2119	 876	 1
2119	 910	 1
2120	 910	 1
2120	 909	 1
2121	 910	 1
2121	 944	 1
2122	 944	 1
2122	 943	 1
2123	 944	 1
2123	 978	 1
2124	 978	 1
2124	 977	 1
2125	 978	 1
2125	 1012	 1
2126	 1012	 1
2126	 1011	 1
2127	 1012	 1
2127	 1046	 1
2128	 1046	 1
2128	 1045	 1
2129	 1114	 1
2129	 1148	 1
2130	 1148	 1
2130	 1147	 1
2131	 26	 1
2131	 27	 1
2132	 27	 1
2132	 61	 1
2133	 61	 1
2133	 60	 1
2134	 61	 1
2134	 95	 1
2135	 95	 1
2135	 94	 1
2136	 95	 1
2136	 129	 1
2137	 129	 1
2137	 128	 1
2138	 129	 1
2138	 163	 1
2139	 163	 1
2139	 162	 1
2140	 163	 1
2140	 197	 1
2141	 197	 1
2141	 196	 1
2142	 197	 1
2142	 231	 1
2143	 265	 1
2143	 299	 1
2144	 299	 1
2144	 298	 1
2145	 299	 1
2145	 333	 1
2146	 571	 1
2146	 605	 1
2147	 605	 1
2147	 604	 1
2148	 605	 1
2148	 639	 1
2149	 639	 1
2149	 638	 1
2150	 639	 1
2150	 673	 1
2151	 673	 1
2151	 672	 1
2152	 673	 1
2152	 707	 1
2153	 707	 1
2153	 706	 1
2154	 707	 1
2154	 741	 1
2155	 741	 1
2155	 740	 1
2156	 741	 1
2156	 775	 1
2157	 775	 1
2157	 774	 1
2158	 775	 1
2158	 809	 1
2159	 877	 1
2159	 911	 1
2160	 911	 1
2160	 910	 1
2161	 911	 1
2161	 945	 1
2162	 945	 1
2162	 944	 1
2163	 945	 1
2163	 979	 1
2164	 979	 1
2164	 978	 1
2165	 979	 1
2165	 1013	 1
2166	 1013	 1
2166	 1012	 1
2167	 1013	 1
2167	 1047	 1
2168	 1115	 1
2168	 1149	 1
2169	 1149	 1
2169	 1148	 1
2170	 27	 1
2170	 28	 1
2171	 28	 1
2171	 62	 1
2172	 62	 1
2172	 61	 1
2173	 62	 1
2173	 96	 1
2174	 96	 1
2174	 95	 1
2175	 96	 1
2175	 130	 1
2176	 130	 1
2176	 129	 1
2177	 130	 1
2177	 164	 1
2178	 164	 1
2178	 163	 1
2179	 164	 1
2179	 198	 1
2180	 198	 1
2180	 197	 1
2181	 198	 1
2181	 232	 1
2182	 300	 1
2182	 299	 1
2183	 300	 1
2183	 334	 1
2184	 334	 1
2184	 333	 1
2185	 470	 1
2185	 504	 1
2186	 504	 1
2186	 503	 1
2187	 504	 1
2187	 538	 1
2188	 538	 1
2188	 537	 1
2189	 538	 1
2189	 572	 1
2190	 572	 1
2190	 571	 1
2191	 572	 1
2191	 606	 1
2192	 606	 1
2192	 605	 1
2193	 606	 1
2193	 640	 1
2194	 640	 1
2194	 639	 1
2195	 640	 1
2195	 674	 1
2196	 674	 1
2196	 673	 1
2197	 674	 1
2197	 708	 1
2198	 708	 1
2198	 707	 1
2199	 708	 1
2199	 742	 1
2200	 742	 1
2200	 741	 1
2201	 742	 1
2201	 776	 1
2202	 776	 1
2202	 775	 1
2203	 776	 1
2203	 810	 1
2204	 844	 1
2204	 878	 1
2205	 878	 1
2205	 877	 1
2206	 878	 1
2206	 912	 1
2207	 912	 1
2207	 911	 1
2208	 912	 1
2208	 946	 1
2209	 946	 1
2209	 945	 1
2210	 946	 1
2210	 980	 1
2211	 980	 1
2211	 979	 1
2212	 980	 1
2212	 1014	 1
2213	 1014	 1
2213	 1013	 1
2214	 1082	 1
2214	 1116	 1
2215	 1116	 1
2215	 1115	 1
2216	 1116	 1
2216	 1150	 1
2217	 1150	 1
2217	 1149	 1
2218	 28	 1
2218	 29	 1
2219	 29	 1
2219	 63	 1
2220	 63	 1
2220	 62	 1
2221	 63	 1
2221	 97	 1
2222	 97	 1
2222	 96	 1
2223	 97	 1
2223	 131	 1
2224	 131	 1
2224	 130	 1
2225	 131	 1
2225	 165	 1
2226	 165	 1
2226	 164	 1
2227	 165	 1
2227	 199	 1
2228	 199	 1
2228	 198	 1
2229	 369	 1
2229	 403	 1
2230	 403	 1
2230	 402	 1
2231	 403	 1
2231	 437	 1
2232	 437	 1
2232	 436	 1
2233	 437	 1
2233	 471	 1
2234	 471	 1
2234	 470	 1
2235	 471	 1
2235	 505	 1
2236	 505	 1
2236	 504	 1
2237	 505	 1
2237	 539	 1
2238	 539	 1
2238	 538	 1
2239	 539	 1
2239	 573	 1
2240	 573	 1
2240	 572	 1
2241	 573	 1
2241	 607	 1
2242	 607	 1
2242	 606	 1
2243	 607	 1
2243	 641	 1
2244	 641	 1
2244	 640	 1
2245	 641	 1
2245	 675	 1
2246	 675	 1
2246	 674	 1
2247	 675	 1
2247	 709	 1
2248	 709	 1
2248	 708	 1
2249	 709	 1
2249	 743	 1
2250	 743	 1
2250	 742	 1
2251	 743	 1
2251	 777	 1
2252	 777	 1
2252	 776	 1
2253	 777	 1
2253	 811	 1
2254	 811	 1
2254	 810	 1
2255	 811	 1
2255	 845	 1
2256	 845	 1
2256	 844	 1
2257	 845	 1
2257	 879	 1
2258	 879	 1
2258	 878	 1
2259	 879	 1
2259	 913	 1
2260	 913	 1
2260	 912	 1
2261	 913	 1
2261	 947	 1
2262	 947	 1
2262	 946	 1
2263	 947	 1
2263	 981	 1
2264	 981	 1
2264	 980	 1
2265	 1049	 1
2265	 1083	 1
2266	 1083	 1
2266	 1082	 1
2267	 1083	 1
2267	 1117	 1
2268	 1117	 1
2268	 1116	 1
2269	 1117	 1
2269	 1151	 1
2270	 1151	 1
2270	 1150	 1
2271	 29	 1
2271	 30	 1
2272	 30	 1
2272	 64	 1
2273	 64	 1
2273	 63	 1
2274	 64	 1
2274	 98	 1
2275	 98	 1
2275	 97	 1
2276	 98	 1
2276	 132	 1
2277	 132	 1
2277	 131	 1
2278	 132	 1
2278	 166	 1
2279	 166	 1
2279	 165	 1
2280	 166	 1
2280	 200	 1
2281	 200	 1
2281	 199	 1
2282	 233	 1
2282	 234	 1
2283	 234	 1
2283	 268	 1
2284	 268	 1
2284	 267	 1
2285	 268	 1
2285	 302	 1
2286	 336	 1
2286	 370	 1
2287	 370	 1
2287	 369	 1
2288	 370	 1
2288	 404	 1
2289	 404	 1
2289	 403	 1
2290	 404	 1
2290	 438	 1
2291	 438	 1
2291	 437	 1
2292	 438	 1
2292	 472	 1
2293	 472	 1
2293	 471	 1
2294	 472	 1
2294	 506	 1
2295	 506	 1
2295	 505	 1
2296	 506	 1
2296	 540	 1
2297	 540	 1
2297	 539	 1
2298	 540	 1
2298	 574	 1
2299	 574	 1
2299	 573	 1
2300	 574	 1
2300	 608	 1
2301	 608	 1
2301	 607	 1
2302	 608	 1
2302	 642	 1
2303	 642	 1
2303	 641	 1
2304	 642	 1
2304	 676	 1
2305	 676	 1
2305	 675	 1
2306	 676	 1
2306	 710	 1
2307	 710	 1
2307	 709	 1
2308	 710	 1
2308	 744	 1
2309	 744	 1
2309	 743	 1
2310	 744	 1
2310	 778	 1
2311	 778	 1
2311	 777	 1
2312	 778	 1
2312	 812	 1
2313	 812	 1
2313	 811	 1
2314	 812	 1
2314	 846	 1
2315	 846	 1
2315	 845	 1
2316	 846	 1
2316	 880	 1
2317	 880	 1
2317	 879	 1
2318	 880	 1
2318	 914	 1
2319	 914	 1
2319	 913	 1
2320	 914	 1
2320	 948	 1
2321	 948	 1
2321	 947	 1
2322	 1050	 1
2322	 1084	 1
2323	 1084	 1
2323	 1083	 1
2324	 1084	 1
2324	 1118	 1
2325	 1118	 1
2325	 1117	 1
2326	 1118	 1
2326	 1152	 1
2327	 1152	 1
2327	 1151	 1
2328	 30	 1
2328	 31	 1
2329	 31	 1
2329	 65	 1
2330	 65	 1
2330	 64	 1
2331	 65	 1
2331	 99	 1
2332	 99	 1
2332	 98	 1
2333	 99	 1
2333	 133	 1
2334	 133	 1
2334	 132	 1
2335	 133	 1
2335	 167	 1
2336	 167	 1
2336	 166	 1
2337	 167	 1
2337	 201	 1
2338	 201	 1
2338	 200	 1
2339	 201	 1
2339	 235	 1
2340	 235	 1
2340	 234	 1
2341	 234	 1
2341	 200	 1
2342	 235	 1
2342	 269	 1
2343	 269	 1
2343	 268	 1
2344	 269	 1
2344	 303	 1
2345	 303	 1
2345	 302	 1
2346	 303	 1
2346	 337	 1
2347	 337	 1
2347	 336	 1
2348	 337	 1
2348	 371	 1
2349	 371	 1
2349	 370	 1
2350	 371	 1
2350	 405	 1
2351	 405	 1
2351	 404	 1
2352	 405	 1
2352	 439	 1
2353	 439	 1
2353	 438	 1
2354	 439	 1
2354	 473	 1
2355	 473	 1
2355	 472	 1
2356	 473	 1
2356	 507	 1
2357	 507	 1
2357	 506	 1
2358	 507	 1
2358	 541	 1
2359	 541	 1
2359	 540	 1
2360	 541	 1
2360	 575	 1
2361	 575	 1
2361	 574	 1
2362	 575	 1
2362	 609	 1
2363	 609	 1
2363	 608	 1
2364	 609	 1
2364	 643	 1
2365	 643	 1
2365	 642	 1
2366	 643	 1
2366	 677	 1
2367	 677	 1
2367	 676	 1
2368	 677	 1
2368	 711	 1
2369	 711	 1
2369	 710	 1
2370	 711	 1
2370	 745	 1
2371	 745	 1
2371	 744	 1
2372	 745	 1
2372	 779	 1
2373	 779	 1
2373	 778	 1
2374	 779	 1
2374	 813	 1
2375	 813	 1
2375	 812	 1
2376	 813	 1
2376	 847	 1
2377	 847	 1
2377	 846	 1
2378	 847	 1
2378	 881	 1
2379	 881	 1
2379	 880	 1
2380	 881	 1
2380	 915	 1
2381	 915	 1
2381	 914	 1
2382	 915	 1
2382	 949	 1
2383	 1017	 1
2383	 1051	 1
2384	 1051	 1
2384	 1050	 1
2385	 1051	 1
2385	 1085	 1
2386	 1085	 1
2386	 1084	 1
2387	 1085	 1
2387	 1119	 1
2388	 1119	 1
2388	 1118	 1
2389	 1119	 1
2389	 1153	 1
2390	 1153	 1
2390	 1152	 1
2391	 31	 1
2391	 32	 1
2392	 32	 1
2392	 66	 1
2393	 66	 1
2393	 65	 1
2394	 66	 1
2394	 100	 1
2395	 100	 1
2395	 99	 1
2396	 100	 1
2396	 134	 1
2397	 134	 1
2397	 133	 1
2398	 134	 1
2398	 168	 1
2399	 168	 1
2399	 167	 1
2400	 168	 1
2400	 202	 1
2401	 202	 1
2401	 201	 1
2402	 202	 1
2402	 236	 1
2403	 236	 1
2403	 235	 1
2404	 236	 1
2404	 270	 1
2405	 270	 1
2405	 269	 1
2406	 270	 1
2406	 304	 1
2407	 304	 1
2407	 303	 1
2408	 304	 1
2408	 338	 1
2409	 338	 1
2409	 337	 1
2410	 338	 1
2410	 372	 1
2411	 372	 1
2411	 371	 1
2412	 372	 1
2412	 406	 1
2413	 406	 1
2413	 405	 1
2414	 406	 1
2414	 440	 1
2415	 440	 1
2415	 439	 1
2416	 440	 1
2416	 474	 1
2417	 474	 1
2417	 473	 1
2418	 474	 1
2418	 508	 1
2419	 508	 1
2419	 507	 1
2420	 508	 1
2420	 542	 1
2421	 542	 1
2421	 541	 1
2422	 542	 1
2422	 576	 1
2423	 576	 1
2423	 575	 1
2424	 576	 1
2424	 610	 1
2425	 610	 1
2425	 609	 1
2426	 610	 1
2426	 644	 1
2427	 644	 1
2427	 643	 1
2428	 644	 1
2428	 678	 1
2429	 678	 1
2429	 677	 1
2430	 678	 1
2430	 712	 1
2431	 712	 1
2431	 711	 1
2432	 712	 1
2432	 746	 1
2433	 746	 1
2433	 745	 1
2434	 746	 1
2434	 780	 1
2435	 780	 1
2435	 779	 1
2436	 780	 1
2436	 814	 1
2437	 814	 1
2437	 813	 1
2438	 814	 1
2438	 848	 1
2439	 848	 1
2439	 847	 1
2440	 848	 1
2440	 882	 1
2441	 882	 1
2441	 881	 1
2442	 882	 1
2442	 916	 1
2443	 916	 1
2443	 915	 1
2444	 984	 1
2444	 1018	 1
2445	 1018	 1
2445	 1017	 1
2446	 1018	 1
2446	 1052	 1
2447	 1052	 1
2447	 1051	 1
2448	 1052	 1
2448	 1086	 1
2449	 1086	 1
2449	 1085	 1
2450	 1086	 1
2450	 1120	 1
2451	 1120	 1
2451	 1119	 1
2452	 1120	 1
2452	 1154	 1
2453	 1154	 1
2453	 1153	 1
2454	 32	 1
2454	 33	 1
2455	 33	 1
2455	 67	 1
2456	 67	 1
2456	 66	 1
2457	 67	 1
2457	 101	 1
2458	 101	 1
2458	 100	 1
2459	 101	 1
2459	 135	 1
2460	 135	 1
2460	 134	 1
2461	 135	 1
2461	 169	 1
2462	 169	 1
2462	 168	 1
2463	 169	 1
2463	 203	 1
2464	 203	 1
2464	 202	 1
2465	 203	 1
2465	 237	 1
2466	 237	 1
2466	 236	 1
2467	 237	 1
2467	 271	 1
2468	 271	 1
2468	 270	 1
2469	 271	 1
2469	 305	 1
2470	 305	 1
2470	 304	 1
2471	 305	 1
2471	 339	 1
2472	 339	 1
2472	 338	 1
2473	 339	 1
2473	 373	 1
2474	 373	 1
2474	 372	 1
2475	 373	 1
2475	 407	 1
2476	 407	 1
2476	 406	 1
2477	 407	 1
2477	 441	 1
2478	 441	 1
2478	 440	 1
2479	 441	 1
2479	 475	 1
2480	 475	 1
2480	 474	 1
2481	 475	 1
2481	 509	 1
2482	 509	 1
2482	 508	 1
2483	 509	 1
2483	 543	 1
2484	 543	 1
2484	 542	 1
2485	 543	 1
2485	 577	 1
2486	 577	 1
2486	 576	 1
2487	 577	 1
2487	 611	 1
2488	 611	 1
2488	 610	 1
2489	 611	 1
2489	 645	 1
2490	 645	 1
2490	 644	 1
2491	 645	 1
2491	 679	 1
2492	 679	 1
2492	 678	 1
2493	 679	 1
2493	 713	 1
2494	 713	 1
2494	 712	 1
2495	 713	 1
2495	 747	 1
2496	 747	 1
2496	 746	 1
2497	 747	 1
2497	 781	 1
2498	 781	 1
2498	 780	 1
2499	 781	 1
2499	 815	 1
2500	 815	 1
2500	 814	 1
2501	 815	 1
2501	 849	 1
2502	 849	 1
2502	 848	 1
2503	 849	 1
2503	 883	 1
2504	 883	 1
2504	 882	 1
2505	 883	 1
2505	 917	 1
2506	 985	 1
2506	 1019	 1
2507	 1019	 1
2507	 1018	 1
2508	 1019	 1
2508	 1053	 1
2509	 1053	 1
2509	 1052	 1
2510	 1053	 1
2510	 1087	 1
2511	 1087	 1
2511	 1086	 1
2512	 1087	 1
2512	 1121	 1
2513	 1121	 1
2513	 1120	 1
2514	 1121	 1
2514	 1155	 1
2515	 1155	 1
2515	 1154	 1
2516	 33	 1
2516	 34	 1
2517	 34	 1
2517	 68	 1
2518	 68	 1
2518	 67	 1
2519	 68	 1
2519	 102	 1
2520	 102	 1
2520	 101	 1
2521	 102	 1
2521	 136	 1
2522	 136	 1
2522	 135	 1
2523	 136	 1
2523	 170	 1
2524	 170	 1
2524	 169	 1
2525	 170	 1
2525	 204	 1
2526	 204	 1
2526	 203	 1
2527	 204	 1
2527	 238	 1
2528	 238	 1
2528	 237	 1
2529	 238	 1
2529	 272	 1
2530	 272	 1
2530	 271	 1
2531	 272	 1
2531	 306	 1
2532	 306	 1
2532	 305	 1
2533	 306	 1
2533	 340	 1
2534	 340	 1
2534	 339	 1
2535	 340	 1
2535	 374	 1
2536	 374	 1
2536	 373	 1
2537	 374	 1
2537	 408	 1
2538	 408	 1
2538	 407	 1
2539	 408	 1
2539	 442	 1
2540	 442	 1
2540	 441	 1
2541	 442	 1
2541	 476	 1
2542	 476	 1
2542	 475	 1
2543	 476	 1
2543	 510	 1
2544	 510	 1
2544	 509	 1
2545	 510	 1
2545	 544	 1
2546	 544	 1
2546	 543	 1
2547	 544	 1
2547	 578	 1
2548	 578	 1
2548	 577	 1
2549	 578	 1
2549	 612	 1
2550	 612	 1
2550	 611	 1
2551	 612	 1
2551	 646	 1
2552	 646	 1
2552	 645	 1
2553	 646	 1
2553	 680	 1
2554	 680	 1
2554	 679	 1
2555	 680	 1
2555	 714	 1
2556	 714	 1
2556	 713	 1
2557	 714	 1
2557	 748	 1
2558	 748	 1
2558	 747	 1
2559	 748	 1
2559	 782	 1
2560	 782	 1
2560	 781	 1
2561	 782	 1
2561	 816	 1
2562	 816	 1
2562	 815	 1
2563	 816	 1
2563	 850	 1
2564	 850	 1
2564	 849	 1
2565	 850	 1
2565	 884	 1
2566	 884	 1
2566	 883	 1
2567	 884	 1
2567	 918	 1
2568	 918	 1
2568	 917	 1
2569	 918	 1
2569	 952	 1
2570	 952	 1
2570	 951	 1
2571	 952	 1
2571	 986	 1
2572	 986	 1
2572	 985	 1
2573	 986	 1
2573	 1020	 1
2574	 1020	 1
2574	 1019	 1
2575	 1020	 1
2575	 1054	 1
2576	 1054	 1
2576	 1053	 1
2577	 1054	 1
2577	 1088	 1
2578	 1088	 1
2578	 1087	 1
2579	 1088	 1
2579	 1122	 1
2580	 1122	 1
2580	 1121	 1
2581	 1122	 1
2581	 1156	 1
2582	 1156	 1
2582	 1155	 1
2583	 244	 1
2583	 1167	 1
2584	 1167	 1
2584	 1168	 1
2585	 1168	 1
2585	 1185	 1
2586	 1168	 1
2586	 1169	 1
2587	 1168	 1
2587	 1183	 1
2588	 1183	 1
2588	 210	 1
2589	 1167	 1
2589	 1183	 1
2590	 1225	 1
2590	 1226	 1
2591	 1226	 1
2591	 1347	 1
2592	 993	 1
2592	 1225	 1
2593	 1226	 1
2593	 1227	 1
2594	 1226	 1
2594	 1345	 1
2595	 1345	 1
2595	 959	 1
2596	 1225	 1
2596	 1345	 1
2597	 1277	 1
2597	 1361	 1
2598	 1361	 1
2598	 234	 1
2599	 233	 1
2599	 1276	 1
2600	 1276	 1
2600	 1277	 1
2601	 1360	 1
2601	 200	 1
2602	 200	 1
2602	 1361	 1
2603	 1277	 1
2603	 1360	 1
2604	 199	 1
2604	 1360	 1
2605	 1277	 1
2605	 1284	 1
2606	 1284	 1
2606	 199	 1
2607	 1276	 1
2607	 1284	 1
2608	 1271	 1
2608	 1297	 1
2609	 1270	 1
2609	 1271	 1
2610	 1271	 1
2610	 334	 1
2611	 1271	 1
2611	 1295	 1
2612	 1249	 1
2612	 1320	 1
2613	 1248	 1
2613	 1249	 1
2614	 1249	 1
2614	 1250	 1
2615	 1249	 1
2615	 1318	 1
2616	 1303	 1
2616	 1304	 1
2617	 1304	 1
2617	 1357	 1
2618	 1357	 1
2618	 1102	 1
2619	 1101	 1
2619	 1303	 1
2620	 1305	 1
2620	 1357	 1
2621	 1304	 1
2621	 1305	 1
2622	 1068	 1
2622	 1305	 1
2623	 1304	 1
2623	 1355	 1
2624	 1355	 1
2624	 1067	 1
2625	 1303	 1
2625	 1355	 1
2626	 1179	 1
2626	 1180	 1
2627	 1164	 1
2627	 1163	 1
2628	 1167	 1
2628	 1166	 1
2629	 1166	 1
2629	 1182	 1
2630	 1182	 1
2630	 1183	 1
2631	 1182	 1
2631	 243	 1
2632	 244	 1
2632	 1166	 1
2633	 1166	 1
2633	 1165	 1
2634	 1181	 1
2634	 1182	 1
2635	 1344	 1
2635	 1345	 1
2636	 1225	 1
2636	 1224	 1
2637	 1354	 1
2637	 1355	 1
2638	 1303	 1
2638	 1302	 1
2639	 1357	 1
2639	 1358	 1
2640	 1305	 1
2640	 1306	 1
2641	 1321	 1
2641	 1322	 1
2642	 1251	 1
2642	 1252	 1
2643	 1276	 1
2643	 1275	 1
2644	 232	 1
2644	 1284	 1
2645	 1298	 1
2645	 1299	 1
2646	 334	 1
2646	 1273	 1
