1.248852e-04
1.606979e-04
6.326905e-04
6.975348e-04
2.207389e-04
2.560571e-04
6.622166e-04
1.412729e-06
9.168609e-04
7.314403e-04
1.868334e-04
2.913753e-04
6.268984e-04
7.625203e-04
1.557533e-04
3.620117e-04
5.562619e-04
2.260366e-05
8.956700e-04
8.162040e-04
1.020696e-04
3.973299e-04
5.209437e-04
3.531822e-05
8.829554e-04
2.718090e-05
8.194674e-04
7.162534e-05
2.984389e-04
5.937623e-04
2.607241e-05
1.895579e-05
8.993179e-04
4.775023e-04
4.407713e-04
2.131051e-04
7.051686e-04
9.176833e-04
5.903188e-07
2.944379e-04
6.238358e-04
8.468451e-04
7.142857e-05
8.979404e-05
8.284796e-04
2.089073e-04
6.370523e-04
7.231405e-05
9.641873e-05
6.887052e-06
8.149679e-04
7.932864e-04
1.249872e-04
3.060912e-04
6.121824e-04
2.550760e-06
9.157229e-04
7.116621e-04
2.066116e-04
2.066116e-04
7.116621e-04
9.157229e-04
2.550760e-06
6.121824e-04
3.060912e-04
1.249872e-04
7.932864e-04
8.953168e-04
2.295684e-05
5.101520e-04
4.081216e-04
6.376900e-05
8.545046e-04
8.545046e-04
6.376900e-05
4.081216e-04
5.101520e-04
2.295684e-05
8.953168e-04
7.932864e-04
1.249872e-04
3.060912e-04
6.121824e-04
2.550760e-06
9.157229e-04
7.116621e-04
2.066116e-04
2.066116e-04
7.116621e-04
9.157229e-04
2.550760e-06
6.121824e-04
3.060912e-04
1.249872e-04
7.932864e-04
8.953168e-04
2.295684e-05
5.101520e-04
4.081216e-04
6.376900e-05
8.545046e-04
8.545046e-04
6.376900e-05
4.081216e-04
5.101520e-04
6.887052e-05
2.295684e-06
8.471074e-04
3.438476e-04
1.910560e-05
5.553205e-04
9.105213e-04
7.752387e-06
5.503912e-04
3.678824e-04
3.668246e-04
5.514490e-04
7.575952e-06
9.106977e-04
7.266022e-04
1.916714e-04
1.909735e-04
7.273001e-04
9.105582e-04
7.715463e-06
5.506116e-04
3.676620e-04
6.871084e-05
8.495628e-04
8.492543e-04
6.901936e-05
3.670450e-04
5.512286e-04
7.612542e-06
9.106611e-04
7.267860e-04
1.914876e-04
1.911571e-04
7.271166e-04
9.105950e-04
7.678626e-06
5.508320e-04
3.674417e-04
6.882095e-05
8.494527e-04
8.493646e-04
6.890909e-05
3.672654e-04
5.510083e-04
7.649220e-06
9.106244e-04
2.295684e-04
6.121800e-04
7.652525e-05
2.300735e-04
3.442227e-04
3.439775e-04
1.538999e-05
9.028837e-04
5.970961e-04
3.211776e-04
3.215857e-04
5.966879e-04
6.132921e-05
8.569444e-04
9.030198e-04
1.525386e-05
6.888386e-04
2.294350e-04
4.133282e-04
5.049454e-04
1.377865e-04
7.804871e-04
7.805498e-04
1.377238e-04
5.050708e-04
4.132029e-04
2.295604e-04
6.887132e-04
1.529561e-05
9.029780e-04
8.570281e-04
6.124558e-05
5.968133e-04
3.214603e-04
3.213029e-04
5.969707e-04
6.114067e-05
8.571330e-04
9.029255e-04
1.534811e-05
6.885558e-04
2.297178e-04
4.130455e-04
5.052282e-04
5.047880e-04
4.134857e-04
2.292776e-04
6.889960e-04
4.591368e-05
3.810827e-04
4.912773e-04
7.932842e-04
1.249894e-04
1.020219e-05
9.080715e-04
2.984338e-04
6.198399e-04
7.116590e-04
2.066147e-04
3.673095e-04
2.617080e-04
2.892562e-04
7.116621e-04
2.066116e-04
2.066116e-04
7.116621e-04
6.198347e-04
2.984389e-04
9.080706e-04
1.020304e-05
1.249872e-04
7.932864e-04
5.280073e-04
3.902663e-04
8.774615e-04
4.081216e-05
6.376900e-05
8.545046e-04
8.264463e-04
9.182736e-05
4.361800e-04
8.264463e-05
3.994490e-04
2.525253e-04
6.490183e-04
1.673012e-05
9.485814e-05
8.234155e-04
5.778084e-04
3.404653e-04
9.124538e-04
5.819849e-06
1.899949e-04
7.282787e-04
7.061523e-04
2.121214e-04
2.663144e-06
9.156105e-04
3.151821e-04
6.030915e-04
8.076025e-04
1.106712e-04
3.221998e-05
8.860537e-04
4.461892e-04
4.720845e-04
8.763391e-04
4.193450e-05
9.449037e-05
8.237833e-04
9.123623e-04
5.911390e-06
7.056014e-04
2.126722e-04
2.601819e-06
9.156718e-04
3.145699e-04
6.037037e-04
8.072045e-04
1.110692e-04
3.200579e-05
8.862679e-04
2.754821e-04
2.332078e-04
4.095837e-04
1.863177e-04
6.693928e-05
6.650166e-04
8.058398e-04
1.124339e-04
5.543205e-05
8.628416e-04
5.935147e-04
3.247590e-04
3.267562e-04
5.915174e-04
8.644771e-04
5.379654e-05
1.147929e-04
8.034808e-04
7.014612e-04
2.168125e-04
1.105032e-05
9.072233e-04
4.457530e-04
4.725207e-04
9.017434e-04
1.653024e-05
2.984389e-04
3.148031e-05
5.883544e-04
4.361800e-04
1.932236e-04
2.888701e-04
1.182261e-04
8.000476e-04
6.769264e-05
8.505810e-04
8.605167e-04
5.775692e-05
4.271993e-04
4.910744e-04
3.115790e-05
8.871157e-04
8.133049e-04
1.049687e-04
3.434527e-04
5.748209e-04
8.621849e-06
9.096518e-04
3.673095e-04
5.062993e-04
4.466484e-05
9.182736e-04
9.182736e-04
9.182736e-04
9.182736e-04
9.182736e-04
9.182736e-04
9.182736e-04
9.182736e-04
9.182736e-04
9.182736e-04
9.182736e-04
9.182736e-04
9.182736e-04
9.182736e-04
9.182736e-04
9.182736e-04
9.182736e-04
9.182736e-04
9.182736e-04
9.182736e-04
9.182736e-04
9.182736e-04
9.182736e-04
9.182736e-04
9.182736e-04
9.182736e-04
9.182736e-04
9.182736e-04
9.182736e-04
9.182736e-04
9.182736e-04
9.182736e-04
9.182736e-04
9.182736e-04
9.182736e-04
9.182736e-04
9.182736e-04
9.182736e-04
9.182736e-04
9.182736e-04
9.182736e-04
9.182736e-04
9.182736e-04
9.182736e-04
9.182736e-04
9.182736e-04
9.182736e-04
9.182736e-04
9.182736e-04
9.182736e-04
9.182736e-04
9.182736e-04
9.182736e-04
9.182736e-04
9.182736e-04
9.182736e-04
9.182736e-04
9.182736e-04
9.182736e-04
9.182736e-04
9.182736e-04
9.182736e-04
9.182736e-04
9.182736e-04
9.182736e-04
9.182736e-04
9.182736e-04
9.182736e-04
9.182736e-04
9.182736e-04
9.182736e-04
9.182736e-04
9.182736e-04
9.182736e-04
9.182736e-04
9.182736e-04
9.182736e-04
9.182736e-04
9.182736e-04
9.182736e-04
9.182736e-04
9.182736e-04
9.182736e-04
9.182736e-04
9.182736e-04
9.182736e-04
9.182736e-04
9.182736e-04
9.182736e-04
9.182736e-04
9.182736e-04
9.182736e-04
9.182736e-04
9.182736e-04
9.182736e-04
9.182736e-04
9.182736e-04
9.182736e-04
9.182736e-04
9.182736e-04
9.182736e-04
9.182736e-04
9.182736e-04
9.182736e-04
9.182736e-04
9.182736e-04
9.182736e-04
9.182736e-04
9.182736e-04
9.182736e-04
9.182736e-04
9.182736e-04
9.182736e-04
9.182736e-04
9.182736e-04
9.182736e-04
9.182736e-04
9.182736e-04
9.182736e-04
9.182736e-04
9.182736e-04
9.182736e-04
9.182736e-04
9.182736e-04
9.182736e-04
9.182736e-04
9.182736e-04
9.182736e-04
9.182736e-04
9.182736e-04
9.182736e-04
9.182736e-04
9.182736e-04
9.182736e-04
9.182736e-04
9.182736e-04
9.182736e-04
9.182736e-04
9.182736e-04
9.182736e-04
9.182736e-04
9.182736e-04
9.182736e-04
9.182736e-04
9.182736e-04
9.182736e-04
9.182736e-04
9.182736e-04
9.182736e-04
9.182736e-04
9.182736e-04
9.182736e-04
9.182736e-04
9.182736e-04
9.182736e-04
9.182736e-04
9.182736e-04
9.182736e-04
9.182736e-04
9.182736e-04
9.182736e-04
9.182736e-04
9.182736e-04
9.182736e-04
9.182736e-04
9.182736e-04
9.182736e-04
9.182736e-04
9.182736e-04
9.182736e-04
9.182736e-04
9.182736e-04
9.182736e-04
9.182736e-04
9.182736e-04
9.182736e-04
9.182736e-04
9.182736e-04
9.182736e-04
9.182736e-04
9.182736e-04
9.182736e-04
9.182736e-04
9.182736e-04
9.182736e-04
9.182736e-04
9.182736e-04
9.182736e-04
9.182736e-04
9.182736e-04
9.182736e-04
9.182736e-04
9.182736e-04
9.182736e-04
9.182736e-04
9.182736e-04
9.182736e-04
9.182736e-04
9.182736e-04
9.182736e-04
9.182736e-04
9.182736e-04
9.182736e-04
9.182736e-04
9.182736e-04
9.182736e-04
9.182736e-04
9.182736e-04
9.182736e-04
9.182736e-04
9.182736e-04
9.182736e-04
9.182736e-04
9.182736e-04
9.182736e-04
9.182736e-04
9.182736e-04
9.182736e-04
9.182736e-04
9.182736e-04
9.182736e-04
9.182736e-04
9.182736e-04
9.182736e-04
9.182736e-04
9.182736e-04
9.182736e-04
9.182736e-04
9.182736e-04
9.182736e-04
9.182736e-04
9.182736e-04
9.182736e-04
9.182736e-04
9.182736e-04
9.182736e-04
9.182736e-04
9.182736e-04
9.182736e-04
9.182736e-04
9.182736e-04
9.182736e-04
9.182736e-04
9.182736e-04
9.182736e-04
9.182736e-04
9.182736e-04
9.182736e-04
9.182736e-04
9.182736e-04
9.182736e-04
9.182736e-04
9.182736e-04
9.182736e-04
9.182736e-04
9.182736e-04
9.182736e-04
9.182736e-04
9.182736e-04
9.182736e-04
9.182736e-04
9.182736e-04
9.182736e-04
9.182736e-04
9.182736e-04
9.182736e-04
9.182736e-04
9.182736e-04
9.182736e-04
9.182736e-04
9.182736e-04
9.182736e-04
9.182736e-04
9.182736e-04
9.182736e-04
9.182736e-04
9.182736e-04
9.182736e-04
9.182736e-04
9.182736e-04
9.182736e-04
9.182736e-04
9.182736e-04
9.182736e-04
9.182736e-04
9.182736e-04
9.182736e-04
9.182736e-04
9.182736e-04
9.182736e-04
9.182736e-04
9.182736e-04
9.182736e-04
9.182736e-04
9.182736e-04
9.182736e-04
9.182736e-04
9.182736e-04
9.182736e-04
9.182736e-04
9.182736e-04
9.182736e-04
9.182736e-04
9.182736e-04
9.182736e-04
9.182736e-04
9.182736e-04
9.182736e-04
9.182736e-04
9.182736e-04
9.182736e-04
9.182736e-04
9.182736e-04
9.182736e-04
9.182736e-04
9.182736e-04
9.182736e-04
9.182736e-04
9.182736e-04
9.182736e-04
9.182736e-04
9.182736e-04
9.182736e-04
9.182736e-04
9.182736e-04
9.182736e-04
9.182736e-04
9.182736e-04
9.182736e-04
9.182736e-04
9.182736e-04
9.182736e-04
9.182736e-04
9.182736e-04
9.182736e-04
9.182736e-04
9.182736e-04
9.182736e-04
9.182736e-04
9.182736e-04
9.182736e-04
9.182736e-04
9.182736e-04
9.182736e-04
9.182736e-04
9.182736e-04
9.182736e-04
9.182736e-04
9.182736e-04
9.182736e-04
9.182736e-04
9.182736e-04
9.182736e-04
9.182736e-04
9.182736e-04
9.182736e-04
9.182736e-04
9.182736e-04
9.182736e-04
9.182736e-04
9.182736e-04
9.182736e-04
9.182736e-04
9.182736e-04
9.182736e-04
9.182736e-04
9.182736e-04
9.182736e-04
9.182736e-04
9.182736e-04
9.182736e-04
9.182736e-04
9.182736e-04
9.182736e-04
9.182736e-04
9.182736e-04
9.182736e-04
9.182736e-04
9.182736e-04
9.182736e-04
9.182736e-04
9.182736e-04
9.182736e-04
9.182736e-04
9.182736e-04
9.182736e-04
9.182736e-04
9.182736e-04
9.182736e-04
9.182736e-04
9.182736e-04
9.182736e-04
9.182736e-04
9.182736e-04
9.182736e-04
9.182736e-04
9.182736e-04
9.182736e-04
9.182736e-04
9.182736e-04
9.182736e-04
9.182736e-04
9.182736e-04
9.182736e-04
9.182736e-04
9.182736e-04
9.182736e-04
9.182736e-04
9.182736e-04
9.182736e-04
9.182736e-04
9.182736e-04
9.182736e-04
9.182736e-04
9.182736e-04
9.182736e-04
9.182736e-04
9.182736e-04
9.182736e-04
9.182736e-04
9.182736e-04
9.182736e-04
9.182736e-04
9.182736e-04
9.182736e-04
9.182736e-04
9.182736e-04
9.182736e-04
9.182736e-04
9.182736e-04
9.182736e-04
9.182736e-04
9.182736e-04
9.182736e-04
9.182736e-04
9.182736e-04
9.182736e-04
9.182736e-04
9.182736e-04
9.182736e-04
9.182736e-04
9.182736e-04
9.182736e-04
9.182736e-04
9.182736e-04
9.182736e-04
9.182736e-04
9.182736e-04
9.182736e-04
9.182736e-04
9.182736e-04
9.182736e-04
9.182736e-04
9.182736e-04
9.182736e-04
9.182736e-04
9.182736e-04
9.182736e-04
9.182736e-04
9.182736e-04
9.182736e-04
9.182736e-04
9.182736e-04
9.182736e-04
9.182736e-04
9.182736e-04
9.182736e-04
9.182736e-04
9.182736e-04
9.182736e-04
9.182736e-04
9.182736e-04
9.182736e-04
9.182736e-04
9.182736e-04
9.182736e-04
9.182736e-04
9.182736e-04
9.182736e-04
9.182736e-04
9.182736e-04
9.182736e-04
9.182736e-04
9.182736e-04
9.182736e-04
9.182736e-04
9.182736e-04
9.182736e-04
9.182736e-04
9.182736e-04
9.182736e-04
9.182736e-04
9.182736e-04
9.182736e-04
9.182736e-04
9.182736e-04
9.182736e-04
9.182736e-04
9.182736e-04
9.182736e-04
9.182736e-04
9.182736e-04
9.182736e-04
9.182736e-04
9.182736e-04
9.182736e-04
9.182736e-04
9.182736e-04
9.182736e-04
9.182736e-04
9.182736e-04
9.182736e-04
9.182736e-04
9.182736e-04
9.182736e-04
9.182736e-04
9.182736e-04
9.182736e-04
9.182736e-04
9.182736e-04
9.182736e-04
9.182736e-04
9.182736e-04
9.182736e-04
9.182736e-04
9.182736e-04
9.182736e-04
9.182736e-04
9.182736e-04
9.182736e-04
9.182736e-04
9.182736e-04
9.182736e-04
9.182736e-04
9.182736e-04
9.182736e-04
9.182736e-04
9.182736e-04
9.182736e-04
9.182736e-04
9.182736e-04
9.182736e-04
9.182736e-04
9.182736e-04
9.182736e-04
9.182736e-04
9.182736e-04
9.182736e-04
9.182736e-04
9.182736e-04
9.182736e-04
9.182736e-04
9.182736e-04
9.182736e-04
9.182736e-04
9.182736e-04
9.182736e-04
9.182736e-04
9.182736e-04
9.182736e-04
9.182736e-04
9.182736e-04
9.182736e-04
9.182736e-04
9.182736e-04
9.182736e-04
9.182736e-04
9.182736e-04
9.182736e-04
9.182736e-04
9.182736e-04
9.182736e-04
9.182736e-04
9.182736e-04
9.182736e-04
9.182736e-04
9.182736e-04
9.182736e-04
9.182736e-04
9.182736e-04
9.182736e-04
9.182736e-04
9.182736e-04
9.182736e-04
9.182736e-04
9.182736e-04
9.182736e-04
9.182736e-04
9.182736e-04
9.182736e-04
9.182736e-04
9.182736e-04
9.182736e-04
9.182736e-04
9.182736e-04
9.182736e-04
9.182736e-04
9.182736e-04
9.182736e-04
9.182736e-04
9.182736e-04
9.182736e-04
9.182736e-04
9.182736e-04
9.182736e-04
9.182736e-04
9.182736e-04
9.182736e-04
9.182736e-04
9.182736e-04
9.182736e-04
9.182736e-04
9.182736e-04
9.182736e-04
9.182736e-04
9.182736e-04
9.182736e-04
9.182736e-04
9.182736e-04
9.182736e-04
9.182736e-04
9.182736e-04
9.182736e-04
9.182736e-04
9.182736e-04
9.182736e-04
9.182736e-04
9.182736e-04
9.182736e-04
9.182736e-04
9.182736e-04
9.182736e-04
9.182736e-04
9.182736e-04
9.182736e-04
9.182736e-04
9.182736e-04
9.182736e-04
9.182736e-04
9.182736e-04
9.182736e-04
9.182736e-04
9.182736e-04
9.182736e-04
9.182736e-04
9.182736e-04
9.182736e-04
9.182736e-04
9.182736e-04
9.182736e-04
9.182736e-04
9.182736e-04
9.182736e-04
9.182736e-04
9.182736e-04
9.182736e-04
9.182736e-04
9.182736e-04
9.182736e-04
9.182736e-04
9.182736e-04
9.182736e-04
9.182736e-04
9.182736e-04
9.182736e-04
9.182736e-04
9.182736e-04
9.182736e-04
9.182736e-04
9.182736e-04
9.182736e-04
9.182736e-04
9.182736e-04
9.182736e-04
9.182736e-04
9.182736e-04
9.182736e-04
9.182736e-04
9.182736e-04
9.182736e-04
9.182736e-04
9.182736e-04
9.182736e-04
9.182736e-04
9.182736e-04
9.182736e-04
9.182736e-04
9.182736e-04
9.182736e-04
9.182736e-04
9.182736e-04
9.182736e-04
9.182736e-04
9.182736e-04
9.182736e-04
9.182736e-04
9.182736e-04
9.182736e-04
9.182736e-04
9.182736e-04
9.182736e-04
9.182736e-04
9.182736e-04
9.182736e-04
9.182736e-04
9.182736e-04
9.182736e-04
9.182736e-04
9.182736e-04
9.182736e-04
9.182736e-04
9.182736e-04
9.182736e-04
9.182736e-04
9.182736e-04
9.182736e-04
9.182736e-04
9.182736e-04
9.182736e-04
9.182736e-04
9.182736e-04
9.182736e-04
9.182736e-04
9.182736e-04
9.182736e-04
9.182736e-04
9.182736e-04
9.182736e-04
9.182736e-04
9.182736e-04
9.182736e-04
9.182736e-04
9.182736e-04
9.182736e-04
9.182736e-04
9.182736e-04
9.182736e-04
9.182736e-04
9.182736e-04
9.182736e-04
9.182736e-04
9.182736e-04
9.182736e-04
9.182736e-04
9.182736e-04
9.182736e-04
9.182736e-04
9.182736e-04
9.182736e-04
9.182736e-04
9.182736e-04
9.182736e-04
9.182736e-04
9.182736e-04
9.182736e-04
9.182736e-04
9.182736e-04
9.182736e-04
9.182736e-04
9.182736e-04
9.182736e-04
9.182736e-04
9.182736e-04
9.182736e-04
9.182736e-04
9.182736e-04
9.182736e-04
9.182736e-04
9.182736e-04
9.182736e-04
9.182736e-04
9.182736e-04
9.182736e-04
9.182736e-04
9.182736e-04
9.182736e-04
9.182736e-04
9.182736e-04
9.182736e-04
9.182736e-04
9.182736e-04
9.182736e-04
9.182736e-04
9.182736e-04
9.182736e-04
9.182736e-04
9.182736e-04
9.182736e-04
9.182736e-04
9.182736e-04
9.182736e-04
9.182736e-04
9.182736e-04
9.182736e-04
9.182736e-04
9.182736e-04
9.182736e-04
9.182736e-04
9.182736e-04
9.182736e-04
9.182736e-04
9.182736e-04
9.182736e-04
9.182736e-04
9.182736e-04
9.182736e-04
9.182736e-04
9.182736e-04
9.182736e-04
9.182736e-04
9.182736e-04
9.182736e-04
9.182736e-04
9.182736e-04
9.182736e-04
9.182736e-04
9.182736e-04
9.182736e-04
9.182736e-04
9.182736e-04
9.182736e-04
9.182736e-04
9.182736e-04
9.182736e-04
9.182736e-04
9.182736e-04
9.182736e-04
9.182736e-04
9.182736e-04
9.182736e-04
9.182736e-04
9.182736e-04
9.182736e-04
9.182736e-04
9.182736e-04
9.182736e-04
9.182736e-04
9.182736e-04
9.182736e-04
9.182736e-04
9.182736e-04
9.182736e-04
9.182736e-04
9.182736e-04
9.182736e-04
9.182736e-04
9.182736e-04
9.182736e-04
9.182736e-04
9.182736e-04
9.182736e-04
9.182736e-04
9.182736e-04
9.182736e-04
9.182736e-04
9.182736e-04
9.182736e-04
9.182736e-04
9.182736e-04
9.182736e-04
9.182736e-04
9.182736e-04
9.182736e-04
9.182736e-04
9.182736e-04
9.182736e-04
9.182736e-04
9.182736e-04
9.182736e-04
9.182736e-04
9.182736e-04
9.182736e-04
9.182736e-04
9.182736e-04
9.182736e-04
9.182736e-04
9.182736e-04
9.182736e-04
9.182736e-04
9.182736e-04
9.182736e-04
9.182736e-04
9.182736e-04
9.182736e-04
9.182736e-04
9.182736e-04
9.182736e-04
9.182736e-04
9.182736e-04
9.182736e-04
9.182736e-04
9.182736e-04
9.182736e-04
9.182736e-04
9.182736e-04
9.182736e-04
9.182736e-04
9.182736e-04
9.182736e-04
9.182736e-04
9.182736e-04
9.182736e-04
9.182736e-04
9.182736e-04
9.182736e-04
9.182736e-04
9.182736e-04
9.182736e-04
9.182736e-04
9.182736e-04
9.182736e-04
9.182736e-04
9.182736e-04
9.182736e-04
9.182736e-04
9.182736e-04
9.182736e-04
9.182736e-04
9.182736e-04
9.182736e-04
9.182736e-04
5.690302e-04
2.217447e-04
1.271993e-04
2.994371e-07
4.883213e-04
3.608227e-04
4.650516e-05
2.262455e-05
6.176133e-04
2.392261e-04
5.922444e-05
2.209842e-06
1.232783e-04
1.429497e-05
4.677987e-04
3.129017e-04
2.159043e-04
1.393888e-05
3.271386e-04
3.612919e-04
2.079829e-04
2.388185e-04
4.197490e-04
5.172330e-05
9.015379e-04
1.108487e-05
5.650915e-06
3.510126e-05
8.704578e-04
1.271456e-05
4.703024e-04
1.212777e-04
3.266935e-04
8.251290e-04
2.454380e-05
6.860083e-05
7.196595e-04
1.661792e-04
3.243489e-05
8.448959e-08
8.764991e-04
4.169010e-05
1.894743e-04
6.677422e-04
6.105716e-05
1.914048e-04
7.116673e-04
1.520152e-05
2.295684e-05
7.574516e-04
1.378652e-04
